Point6Sift11VIP = [42,19,19,35,39,11,12,32,77,42,35,46,77,17,13,43,108,66,48,46,109,33,13,39,113,76,34,34,113,53,10,26,39,21,23,36,37,17,21,33,33,58,79,33,36,45,57,25,55,27,37,35,44,17,15,38,113,14,12,52,71,14,7,56,22,18,19,19,24,20,27,22,29,41,58,20,26,66,78,27,66,16,21,46,57,26,19,46,113,22,10,49,71,19,8,88,14,25,31,11,12,25,36,10,13,21,29,15,15,21,26,12,36,12,14,41,45,13,9,23,113,26,13,30,39,20,9,95];
Point6Sift12VIP = [56,29,26,36,54,12,11,31,97,61,46,45,95,28,21,38,120,84,50,38,120,57,25,27,120,98,21,22,113,57,12,20,40,16,18,32,32,12,14,33,34,42,52,30,35,29,34,26,52,24,26,36,51,13,10,34,120,27,13,40,60,15,6,57,21,16,16,18,21,17,21,20,29,38,51,20,24,56,64,24,61,16,19,43,55,20,14,40,120,27,8,34,52,16,7,82,13,20,25,9,12,23,30,9,11,18,23,13,13,18,22,10,43,12,13,37,42,13,9,26,120,27,11,18,25,13,6,81];
Point6Sift3VIP = [26,21,20,35,29,17,17,25,40,33,31,34,33,18,21,36,67,44,35,53,61,21,20,54,70,68,48,57,85,33,13,42,42,51,47,69,62,49,49,43,44,84,89,44,41,57,50,35,67,62,67,35,39,23,18,59,45,13,15,63,66,18,12,42,23,35,29,22,23,48,56,24,46,47,47,39,38,96,89,41,102,23,25,53,55,36,27,90,68,11,15,88,91,15,8,60,15,28,28,11,11,25,25,14,18,21,22,17,17,22,19,18,34,14,15,47,43,14,11,29,68,12,13,75,78,12,9,59];
Point6Sift4VIP = [23,19,17,32,26,13,14,23,40,32,27,33,36,15,19,37,69,48,35,53,64,21,19,55,73,73,51,56,92,34,13,42,41,52,46,70,61,48,50,43,42,83,89,39,43,52,50,33,68,59,66,35,41,23,19,58,46,12,15,64,67,16,12,43,23,33,29,21,21,49,54,23,46,42,48,37,39,93,89,40,102,21,25,57,58,34,25,94,67,11,14,90,91,14,9,61,14,26,27,10,10,23,24,12,16,18,19,15,14,20,18,15,34,12,14,47,45,12,11,30,67,11,13,73,78,12,7,60];