pointX,pointY,pointZ,normalX,normalY,normalZ,camera1X,camera1Y,camera1Z,camera2X,camera2Y,camera2Z,RWorldToCamera1_11,RWorldToCamera1_12,RWorldToCamera1_13,RWorldToCamera1_21,RWorldToCamera1_22,RWorldToCamera1_23,RWorldToCamera1_31,RWorldToCamera1_32,RWorldToCamera1_33,RCamera2ToWorld_11,RCamera2ToWorld_12,RCamera2ToWorld_13,RCamera2ToWorld_21,RCamera2ToWorld_22,RCamera2ToWorld_23,RCamera2ToWorld_31,RCamera2ToWorld_32,RCamera2ToWorld_33
-0.195469,0.340699,1.89361,-0.377259,-0.367299,-0.850157,-2.10995,0.000465607,-0.918597,-0.195663,0.34051,1.89318,0.923803,-0.247111,-0.292446,0.206488,0.964784,-0.162953,0.322415,0.0901494,0.942296,-0.697585,-0.609139,-0.377259,0.716502,-0.593057,-0.367299,0,0.526529,-0.850157
-0.195469,0.340699,1.89361,-0.377259,-0.367299,-0.850157,-1.18478,0.000590428,-0.649761,-0.195684,0.34049,1.89313,0.993237,-0.116101,-1.3145e-07,0.114104,0.976147,-0.184708,0.021445,0.183459,0.982793,-0.697585,-0.609139,-0.377259,0.716502,-0.593057,-0.367299,0,0.526529,-0.850157
0.453512,0.229905,1.70266,0.545404,0.0464086,-0.836888,-0.07555,0.00103718,-0.259122,0.453786,0.229928,1.70224,0.973927,-0.173828,-0.145775,0.106273,0.917282,-0.383797,0.200432,0.358298,0.911839,0.0847839,0.833874,0.545404,-0.996399,0.0709546,0.0464086,0,0.547375,-0.836888
0.453512,0.229905,1.70266,0.545404,0.0464086,-0.836888,0.941506,-2.77556e-17,-0.0130957,0.453768,0.229926,1.70227,0.994195,-0.0679198,0.08344,0.0915075,0.941695,-0.323784,-0.0565837,0.32954,0.942444,0.0847839,0.833874,0.545404,-0.996399,0.0709546,0.0464086,0,0.547375,-0.836888
0.453512,0.229905,1.70266,0.545404,0.0464086,-0.836888,0.938975,9.35498e-05,0.00216803,0.453744,0.229924,1.70231,0.948344,0.0562305,0.312221,-0.0447116,0.998033,-0.0439367,-0.314077,0.0277072,0.948993,0.0847839,0.833874,0.545404,-0.996399,0.0709546,0.0464086,0,0.547375,-0.836888
0.453512,0.229905,1.70266,0.545404,0.0464086,-0.836888,0.927307,0.00413754,0.0149121,0.453698,0.229921,1.70238,0.847184,0.149646,0.509789,0.0418873,0.937715,-0.344871,-0.529646,0.313523,0.788149,0.0847839,0.833874,0.545404,-0.996399,0.0709546,0.0464086,0,0.547375,-0.836888
0.453512,0.229905,1.70266,0.545404,0.0464086,-0.836888,-0.0681423,-0.00736975,-0.257451,0.453786,0.229928,1.70224,0.847256,-0.271326,-0.456662,0.216762,0.961469,-0.169093,0.484946,0.044278,0.873423,0.0847839,0.833874,0.545404,-0.996399,0.0709546,0.0464086,0,0.547375,-0.836888
0.453512,0.229905,1.70266,0.545404,0.0464086,-0.836888,0.94399,6.40016e-05,-0.00124293,0.453781,0.229928,1.70225,0.996363,-0.0840907,-0.0137599,0.0839486,0.996414,-0.010603,0.0146021,0.00940934,0.999849,0.0847839,0.833874,0.545404,-0.996399,0.0709546,0.0464086,0,0.547375,-0.836888
0.453512,0.229905,1.70266,0.545404,0.0464086,-0.836888,-0.0787986,-0.00266812,-0.263542,0.453793,0.229929,1.70223,0.969678,-0.167162,-0.178275,0.144547,0.980498,-0.133154,0.197056,0.103348,0.97493,0.0847839,0.833874,0.545404,-0.996399,0.0709546,0.0464086,0,0.547375,-0.836888
0.453512,0.229905,1.70266,0.545404,0.0464086,-0.836888,2.36012,-0.0730455,0.226426,0.453545,0.229907,1.70261,0.372995,0.367053,0.852143,-0.0181638,0.921135,-0.38882,-0.927656,0.12955,0.350245,0.0847839,0.833874,0.545404,-0.996399,0.0709546,0.0464086,0,0.547375,-0.836888
0.280284,0.27359,1.71428,0.732597,-0.294086,-0.613853,-1.13491,-0.000532772,-0.656319,0.280591,0.273467,1.71402,0.66608,-0.365069,-0.650433,0.261601,0.930981,-0.254638,0.6985,-0.000544139,0.71561,-0.372534,0.569667,0.732597,-0.928019,-0.228681,-0.294086,0,0.78942,-0.613853
0.280284,0.27359,1.71428,0.732597,-0.294086,-0.613853,-0.0787986,-0.00266812,-0.263542,0.280658,0.27344,1.71396,0.969678,-0.167162,-0.178275,0.144547,0.980498,-0.133154,0.197056,0.103348,0.97493,-0.372534,0.569667,0.732597,-0.928019,-0.228681,-0.294086,0,0.78942,-0.613853
0.280284,0.27359,1.71428,0.732597,-0.294086,-0.613853,-0.07555,0.00103718,-0.259122,0.280649,0.273443,1.71397,0.973927,-0.173828,-0.145775,0.106273,0.917282,-0.383797,0.200432,0.358298,0.911839,-0.372534,0.569667,0.732597,-0.928019,-0.228681,-0.294086,0,0.78942,-0.613853
0.280284,0.27359,1.71428,0.732597,-0.294086,-0.613853,-1.11345,-0.000484205,-0.620124,0.280655,0.273441,1.71396,0.883336,-0.27999,-0.375931,0.21699,0.955147,-0.201519,0.415492,0.0964356,0.90447,-0.372534,0.569667,0.732597,-0.928019,-0.228681,-0.294086,0,0.78942,-0.613853
-0.371927,0.385578,1.80322,0.447375,-0.464463,-0.764284,-0.0787986,-0.00266812,-0.263542,-0.371702,0.385345,1.80284,0.969678,-0.167162,-0.178275,0.144547,0.980498,-0.133154,0.197056,0.103348,0.97493,-0.720232,0.530209,0.447375,-0.693734,-0.550461,-0.464463,0,0.64488,-0.764284
-0.371927,0.385578,1.80322,0.447375,-0.464463,-0.764284,0.938975,9.35498e-05,0.00216803,-0.37169,0.385332,1.80282,0.948344,0.0562305,0.312221,-0.0447116,0.998033,-0.0439367,-0.314077,0.0277072,0.948993,-0.720232,0.530209,0.447375,-0.693734,-0.550461,-0.464463,0,0.64488,-0.764284
-0.371927,0.385578,1.80322,0.447375,-0.464463,-0.764284,-0.07555,0.00103718,-0.259122,-0.371705,0.385347,1.80284,0.973927,-0.173828,-0.145775,0.106273,0.917282,-0.383797,0.200432,0.358298,0.911839,-0.720232,0.530209,0.447375,-0.693734,-0.550461,-0.464463,0,0.64488,-0.764284
-0.371927,0.385578,1.80322,0.447375,-0.464463,-0.764284,-0.0862048,-0.0006734,-0.26718,-0.371683,0.385325,1.80281,0.97483,0.00736001,0.222828,0.0537713,0.96219,-0.26702,-0.216368,0.272281,0.937576,-0.720232,0.530209,0.447375,-0.693734,-0.550461,-0.464463,0,0.64488,-0.764284
-0.371927,0.385578,1.80322,0.447375,-0.464463,-0.764284,-0.0890411,0.0014642,-0.262717,-0.371683,0.385325,1.8028,0.97558,0.0050644,0.219585,0.0547781,0.962534,-0.26557,-0.212703,0.271113,0.938752,-0.720232,0.530209,0.447375,-0.693734,-0.550461,-0.464463,0,0.64488,-0.764284
-0.371927,0.385578,1.80322,0.447375,-0.464463,-0.764284,-0.0932988,-0.00036775,-0.255494,-0.371695,0.385337,1.80283,0.871074,0.123262,0.475434,0.0297983,0.95295,-0.301659,-0.490248,0.276935,0.826417,-0.720232,0.530209,0.447375,-0.693734,-0.550461,-0.464463,0,0.64488,-0.764284
-0.371927,0.385578,1.80322,0.447375,-0.464463,-0.764284,-0.092484,-5.41766e-05,-0.25601,-0.371695,0.385337,1.80283,0.871342,0.123735,0.474819,0.0289843,0.953013,-0.301539,-0.48982,0.276506,0.826814,-0.720232,0.530209,0.447375,-0.693734,-0.550461,-0.464463,0,0.64488,-0.764284
-1.15808,-0.367831,1.98289,-0.555701,0.354419,-0.752053,2.37476,-0.0790186,0.224993,-1.15844,-0.367601,1.9824,0.651223,0.25034,0.716407,-0.211703,0.966475,-0.145283,-0.728759,-0.0570541,0.682389,0.53773,-0.634069,-0.555701,0.843117,0.404401,0.354419,0,0.659103,-0.752053
-1.15808,-0.367831,1.98289,-0.555701,0.354419,-0.752053,3.43474,-0.0743202,0.474313,-1.15836,-0.367653,1.98251,0.348326,0.361019,0.865063,-0.032618,0.926968,-0.37372,-0.936806,0.10196,0.334663,0.53773,-0.634069,-0.555701,0.843117,0.404401,0.354419,0,0.659103,-0.752053
-0.123946,-0.791615,4.32281,0.520178,0.0534036,-0.852387,2.37476,-0.0790186,0.224993,-0.123478,-0.791567,4.32204,0.651223,0.25034,0.716407,-0.211703,0.966475,-0.145283,-0.728759,-0.0570541,0.682389,0.102127,0.84793,0.520178,-0.994771,0.0870519,0.0534036,0,0.522912,-0.852387
-0.123946,-0.791615,4.32281,0.520178,0.0534036,-0.852387,3.43474,-0.0743202,0.474313,-0.12372,-0.791591,4.32244,0.348326,0.361019,0.865063,-0.032618,0.926968,-0.37372,-0.936806,0.10196,0.334663,0.102127,0.84793,0.520178,-0.994771,0.0870519,0.0534036,0,0.522912,-0.852387
4.74468,-0.345622,3.25002,-0.971905,0.234169,-0.0237849,-0.0699709,0.000149241,-0.256433,4.74318,-0.345261,3.24998,0.778429,-0.322575,-0.538511,0.110053,0.914709,-0.38884,0.61801,0.24342,0.747536,0.234235,-0.0231232,-0.971905,0.97218,0.00557126,0.234169,0,0.999717,-0.0237849
4.74468,-0.345622,3.25002,-0.971905,0.234169,-0.0237849,0.967411,0.0188253,0.0305543,4.74313,-0.34525,3.24998,0.754255,-0.318118,-0.57437,0.143343,0.933468,-0.328771,0.640744,0.165646,0.749673,0.234235,-0.0231232,-0.971905,0.97218,0.00557126,0.234169,0,0.999717,-0.0237849
4.74468,-0.345622,3.25002,-0.971905,0.234169,-0.0237849,-0.0635082,-0.00546941,-0.2556,4.74307,-0.345235,3.24998,0.66384,-0.350889,-0.660449,0.223835,0.93584,-0.272217,0.713593,0.0328767,0.699789,0.234235,-0.0231232,-0.971905,0.97218,0.00557126,0.234169,0,0.999717,-0.0237849
4.74468,-0.345622,3.25002,-0.971905,0.234169,-0.0237849,-0.0375313,0.000200289,-0.248515,4.74306,-0.345233,3.24998,0.469775,-0.398079,-0.787937,0.111978,0.912218,-0.394106,0.875656,0.0969094,0.473113,0.234235,-0.0231232,-0.971905,0.97218,0.00557126,0.234169,0,0.999717,-0.0237849
4.74468,-0.345622,3.25002,-0.971905,0.234169,-0.0237849,-0.050648,-0.00635755,-0.257551,4.74307,-0.345236,3.24998,0.420311,-0.410958,-0.808982,0.103778,0.90748,-0.407076,0.901426,0.087144,0.424072,0.234235,-0.0231232,-0.971905,0.97218,0.00557126,0.234169,0,0.999717,-0.0237849
4.74468,-0.345622,3.25002,-0.971905,0.234169,-0.0237849,0.968037,0.0227491,0.0288549,4.74305,-0.34523,3.24998,0.537378,-0.374706,-0.755527,0.162987,0.925127,-0.342894,0.827442,0.0611224,0.558215,0.234235,-0.0231232,-0.971905,0.97218,0.00557126,0.234169,0,0.999717,-0.0237849
4.74468,-0.345622,3.25002,-0.971905,0.234169,-0.0237849,-1.13491,-0.000532772,-0.656319,4.74307,-0.345234,3.24998,0.66608,-0.365069,-0.650433,0.261601,0.930981,-0.254638,0.6985,-0.000544139,0.71561,0.234235,-0.0231232,-0.971905,0.97218,0.00557126,0.234169,0,0.999717,-0.0237849
4.74468,-0.345622,3.25002,-0.971905,0.234169,-0.0237849,-2.06087,0.00582751,-0.906417,4.74305,-0.345231,3.24998,0.336955,-0.430515,-0.837327,0.282506,0.894588,-0.34627,0.898137,-0.119873,0.423059,0.234235,-0.0231232,-0.971905,0.97218,0.00557126,0.234169,0,0.999717,-0.0237849
4.74468,-0.345622,3.25002,-0.971905,0.234169,-0.0237849,-2.99057,0.00172103,-1.17815,4.74309,-0.345239,3.24998,0.677873,-0.385001,-0.626308,0.307967,0.92227,-0.233611,0.667566,-0.0345234,0.74375,0.234235,-0.0231232,-0.971905,0.97218,0.00557126,0.234169,0,0.999717,-0.0237849
4.74468,-0.345622,3.25002,-0.971905,0.234169,-0.0237849,-2.97672,0.00533445,-1.1734,4.74305,-0.34523,3.24998,0.540252,-0.407696,-0.736147,0.196951,0.911763,-0.360416,0.818131,0.0497305,0.572878,0.234235,-0.0231232,-0.971905,0.97218,0.00557126,0.234169,0,0.999717,-0.0237849
4.74468,-0.345622,3.25002,-0.971905,0.234169,-0.0237849,2.35904,-0.0136085,0.254535,4.74321,-0.345268,3.24998,0.820933,-0.287676,-0.493266,0.155462,0.943793,-0.291694,0.549455,0.162777,0.819514,0.234235,-0.0231232,-0.971905,0.97218,0.00557126,0.234169,0,0.999717,-0.0237849
4.74468,-0.345622,3.25002,-0.971905,0.234169,-0.0237849,2.34736,-0.0231971,0.236996,4.74309,-0.345239,3.24998,0.64081,-0.349865,-0.683343,0.173731,0.933114,-0.314828,0.747784,0.0830271,0.658731,0.234235,-0.0231232,-0.971905,0.97218,0.00557126,0.234169,0,0.999717,-0.0237849
4.74468,-0.345622,3.25002,-0.971905,0.234169,-0.0237849,2.33498,-0.0271914,0.21648,4.74308,-0.345237,3.24998,0.463992,-0.379099,-0.800622,0.183655,0.92533,-0.331715,0.866592,0.00687532,0.49897,0.234235,-0.0231232,-0.971905,0.97218,0.00557126,0.234169,0,0.999717,-0.0237849
0.289526,0.695486,1.50868,-0.85955,0.20802,-0.466798,2.37476,-0.0790186,0.224993,0.28933,0.695533,1.50857,0.651223,0.25034,0.716407,-0.211703,0.966475,-0.145283,-0.728759,-0.0570541,0.682389,0.23522,-0.453701,-0.85955,0.971942,0.1098,0.20802,0,0.884364,-0.466798
0.289526,0.695486,1.50868,-0.85955,0.20802,-0.466798,3.43474,-0.0743202,0.474313,0.289449,0.695504,1.50864,0.348326,0.361019,0.865063,-0.032618,0.926968,-0.37372,-0.936806,0.10196,0.334663,0.23522,-0.453701,-0.85955,0.971942,0.1098,0.20802,0,0.884364,-0.466798
0.289526,0.695486,1.50868,-0.85955,0.20802,-0.466798,3.42197,-0.0786547,0.471301,0.289551,0.69548,1.50869,0.113806,0.400116,0.909371,-0.0411955,0.916431,-0.398066,-0.992649,0.00784047,0.120779,0.23522,-0.453701,-0.85955,0.971942,0.1098,0.20802,0,0.884364,-0.466798
0.289526,0.695486,1.50868,-0.85955,0.20802,-0.466798,2.37302,-0.071769,0.220028,0.289312,0.695537,1.50856,0.648957,0.26859,0.711839,-0.0113873,0.938938,-0.343897,-0.76074,0.215069,0.612389,0.23522,-0.453701,-0.85955,0.971942,0.1098,0.20802,0,0.884364,-0.466798
1.31968,0.766363,1.72311,0.905148,-0.343951,-0.24981,2.37476,-0.0790186,0.224993,1.31973,0.766346,1.7231,0.651223,0.25034,0.716407,-0.211703,0.966475,-0.145283,-0.728759,-0.0570541,0.682389,-0.355213,0.233519,0.905148,-0.934785,-0.0887358,-0.343951,0,0.968295,-0.24981
1.31968,0.766363,1.72311,0.905148,-0.343951,-0.24981,3.43474,-0.0743202,0.474313,1.31953,0.766422,1.72315,0.348326,0.361019,0.865063,-0.032618,0.926968,-0.37372,-0.936806,0.10196,0.334663,-0.355213,0.233519,0.905148,-0.934785,-0.0887358,-0.343951,0,0.968295,-0.24981
0.550107,0.298475,1.74125,0.00883174,-0.497804,-0.867245,-0.0787986,-0.00266812,-0.263542,0.550112,0.29821,1.74078,0.969678,-0.167162,-0.178275,0.144547,0.980498,-0.133154,0.197056,0.103348,0.97493,-0.999843,0.0153837,0.00883174,-0.0177386,-0.867108,-0.497804,0,0.497882,-0.867245
0.550107,0.298475,1.74125,0.00883174,-0.497804,-0.867245,0.938975,9.35498e-05,0.00216803,0.550111,0.298263,1.74087,0.948344,0.0562305,0.312221,-0.0447116,0.998033,-0.0439367,-0.314077,0.0277072,0.948993,-0.999843,0.0153837,0.00883174,-0.0177386,-0.867108,-0.497804,0,0.497882,-0.867245
-0.577522,0.794573,1.5269,-0.239485,-0.0413084,-0.970021,0.927307,0.00413754,0.0149121,-0.577644,0.794552,1.5264,0.847184,0.149646,0.509789,0.0418873,0.937715,-0.344871,-0.529646,0.313523,0.788149,-0.169978,-0.955905,-0.239485,0.985448,-0.164883,-0.0413084,0,0.243021,-0.970021
-0.577522,0.794573,1.5269,-0.239485,-0.0413084,-0.970021,-0.0862048,-0.0006734,-0.26718,-0.577645,0.794552,1.5264,0.97483,0.00736001,0.222828,0.0537713,0.96219,-0.26702,-0.216368,0.272281,0.937576,-0.169978,-0.955905,-0.239485,0.985448,-0.164883,-0.0413084,0,0.243021,-0.970021
-0.577522,0.794573,1.5269,-0.239485,-0.0413084,-0.970021,0.915082,0.00648427,0.0262681,-0.577621,0.794556,1.5265,0.548497,0.315269,0.77444,-0.00255502,0.926822,-0.375493,-0.836149,0.203978,0.509164,-0.169978,-0.955905,-0.239485,0.985448,-0.164883,-0.0413084,0,0.243021,-0.970021
-0.577522,0.794573,1.5269,-0.239485,-0.0413084,-0.970021,-0.0932988,-0.00036775,-0.255494,-0.577645,0.794552,1.5264,0.871074,0.123262,0.475434,0.0297983,0.95295,-0.301659,-0.490248,0.276935,0.826417,-0.169978,-0.955905,-0.239485,0.985448,-0.164883,-0.0413084,0,0.243021,-0.970021
-0.577522,0.794573,1.5269,-0.239485,-0.0413084,-0.970021,-0.092484,-5.41766e-05,-0.25601,-0.577645,0.794552,1.5264,0.871342,0.123735,0.474819,0.0289843,0.953013,-0.301539,-0.48982,0.276506,0.826814,-0.169978,-0.955905,-0.239485,0.985448,-0.164883,-0.0413084,0,0.243021,-0.970021
-1.81847,-0.400844,4.68204,0.520178,0.0534036,-0.852387,2.37476,-0.0790186,0.224993,-1.81778,-0.400773,4.68091,0.651223,0.25034,0.716407,-0.211703,0.966475,-0.145283,-0.728759,-0.0570541,0.682389,0.102127,0.84793,0.520178,-0.994771,0.0870519,0.0534036,0,0.522912,-0.852387
-1.81847,-0.400844,4.68204,0.520178,0.0534036,-0.852387,3.43474,-0.0743202,0.474313,-1.81798,-0.400793,4.68123,0.348326,0.361019,0.865063,-0.032618,0.926968,-0.37372,-0.936806,0.10196,0.334663,0.102127,0.84793,0.520178,-0.994771,0.0870519,0.0534036,0,0.522912,-0.852387
4.76974,-0.145967,3.13601,-0.689959,0.304334,-0.656762,-0.0699709,0.000149241,-0.256433,4.76868,-0.1455,3.135,0.778429,-0.322575,-0.538511,0.110053,0.914709,-0.38884,0.61801,0.24342,0.747536,0.403574,-0.600903,-0.689959,0.914947,0.265052,0.304334,0,0.754098,-0.656762
4.76974,-0.145967,3.13601,-0.689959,0.304334,-0.656762,0.967411,0.0188253,0.0305543,4.76865,-0.145487,3.13497,0.754255,-0.318118,-0.57437,0.143343,0.933468,-0.328771,0.640744,0.165646,0.749673,0.403574,-0.600903,-0.689959,0.914947,0.265052,0.304334,0,0.754098,-0.656762
4.76974,-0.145967,3.13601,-0.689959,0.304334,-0.656762,-0.0635082,-0.00546941,-0.2556,4.76861,-0.145469,3.13494,0.66384,-0.350889,-0.660449,0.223835,0.93584,-0.272217,0.713593,0.0328767,0.699789,0.403574,-0.600903,-0.689959,0.914947,0.265052,0.304334,0,0.754098,-0.656762
4.76974,-0.145967,3.13601,-0.689959,0.304334,-0.656762,-0.0375313,0.000200289,-0.248515,4.76859,-0.145462,3.13492,0.469775,-0.398079,-0.787937,0.111978,0.912218,-0.394106,0.875656,0.0969094,0.473113,0.403574,-0.600903,-0.689959,0.914947,0.265052,0.304334,0,0.754098,-0.656762
4.76974,-0.145967,3.13601,-0.689959,0.304334,-0.656762,-0.050648,-0.00635755,-0.257551,4.7686,-0.145466,3.13493,0.420311,-0.410958,-0.808982,0.103778,0.90748,-0.407076,0.901426,0.087144,0.424072,0.403574,-0.600903,-0.689959,0.914947,0.265052,0.304334,0,0.754098,-0.656762
4.76974,-0.145967,3.13601,-0.689959,0.304334,-0.656762,0.968037,0.0227491,0.0288549,4.76859,-0.14546,3.13492,0.537378,-0.374706,-0.755527,0.162987,0.925127,-0.342894,0.827442,0.0611224,0.558215,0.403574,-0.600903,-0.689959,0.914947,0.265052,0.304334,0,0.754098,-0.656762
4.76974,-0.145967,3.13601,-0.689959,0.304334,-0.656762,-2.97672,0.00533445,-1.1734,4.76859,-0.14546,3.13492,0.540252,-0.407696,-0.736147,0.196951,0.911763,-0.360416,0.818131,0.0497305,0.572878,0.403574,-0.600903,-0.689959,0.914947,0.265052,0.304334,0,0.754098,-0.656762
4.76974,-0.145967,3.13601,-0.689959,0.304334,-0.656762,2.35904,-0.0136085,0.254535,4.7687,-0.145511,3.13503,0.820933,-0.287676,-0.493266,0.155462,0.943793,-0.291694,0.549455,0.162777,0.819514,0.403574,-0.600903,-0.689959,0.914947,0.265052,0.304334,0,0.754098,-0.656762
4.76974,-0.145967,3.13601,-0.689959,0.304334,-0.656762,2.33498,-0.0271914,0.21648,4.76861,-0.145469,3.13494,0.463992,-0.379099,-0.800622,0.183655,0.92533,-0.331715,0.866592,0.00687532,0.49897,0.403574,-0.600903,-0.689959,0.914947,0.265052,0.304334,0,0.754098,-0.656762
-0.74376,0.904917,1.41815,0.418918,-0.662277,-0.621206,0.927307,0.00413754,0.0149121,-0.743542,0.904572,1.41783,0.847184,0.149646,0.509789,0.0418873,0.937715,-0.344871,-0.529646,0.313523,0.788149,-0.845121,0.332081,0.418918,-0.534575,-0.524994,-0.662277,0,0.783647,-0.621206
-0.74376,0.904917,1.41815,0.418918,-0.662277,-0.621206,-0.0862048,-0.0006734,-0.26718,-0.743549,0.904583,1.41784,0.97483,0.00736001,0.222828,0.0537713,0.96219,-0.26702,-0.216368,0.272281,0.937576,-0.845121,0.332081,0.418918,-0.534575,-0.524994,-0.662277,0,0.783647,-0.621206
-0.74376,0.904917,1.41815,0.418918,-0.662277,-0.621206,-0.0890411,0.0014642,-0.262717,-0.743549,0.904583,1.41784,0.97558,0.0050644,0.219585,0.0547781,0.962534,-0.26557,-0.212703,0.271113,0.938752,-0.845121,0.332081,0.418918,-0.534575,-0.524994,-0.662277,0,0.783647,-0.621206
-0.74376,0.904917,1.41815,0.418918,-0.662277,-0.621206,0.915082,0.00648427,0.0262681,-0.743573,0.904621,1.41788,0.548497,0.315269,0.77444,-0.00255502,0.926822,-0.375493,-0.836149,0.203978,0.509164,-0.845121,0.332081,0.418918,-0.534575,-0.524994,-0.662277,0,0.783647,-0.621206
-0.74376,0.904917,1.41815,0.418918,-0.662277,-0.621206,-0.0932988,-0.00036775,-0.255494,-0.743542,0.904572,1.41783,0.871074,0.123262,0.475434,0.0297983,0.95295,-0.301659,-0.490248,0.276935,0.826417,-0.845121,0.332081,0.418918,-0.534575,-0.524994,-0.662277,0,0.783647,-0.621206
-0.74376,0.904917,1.41815,0.418918,-0.662277,-0.621206,-0.092484,-5.41766e-05,-0.25601,-0.743542,0.904572,1.41783,0.871342,0.123735,0.474819,0.0289843,0.953013,-0.301539,-0.48982,0.276506,0.826814,-0.845121,0.332081,0.418918,-0.534575,-0.524994,-0.662277,0,0.783647,-0.621206
-0.267464,0.920152,1.51908,0.81292,-0.0444898,-0.580674,-0.0787986,-0.00266812,-0.263542,-0.267104,0.920133,1.51882,0.969678,-0.167162,-0.178275,0.144547,0.980498,-0.133154,0.197056,0.103348,0.97493,-0.0546466,0.579806,0.81292,-0.998506,-0.0317319,-0.0444898,0,0.814136,-0.580674
-0.267464,0.920152,1.51908,0.81292,-0.0444898,-0.580674,0.938975,9.35498e-05,0.00216803,-0.267102,0.920132,1.51882,0.948344,0.0562305,0.312221,-0.0447116,0.998033,-0.0439367,-0.314077,0.0277072,0.948993,-0.0546466,0.579806,0.81292,-0.998506,-0.0317319,-0.0444898,0,0.814136,-0.580674
-0.267464,0.920152,1.51908,0.81292,-0.0444898,-0.580674,0.927307,0.00413754,0.0149121,-0.26708,0.920131,1.5188,0.847184,0.149646,0.509789,0.0418873,0.937715,-0.344871,-0.529646,0.313523,0.788149,-0.0546466,0.579806,0.81292,-0.998506,-0.0317319,-0.0444898,0,0.814136,-0.580674
0.0218439,0.786365,1.69243,-0.0608453,-0.17992,-0.981798,-0.0787986,-0.00266812,-0.263542,0.0218132,0.786275,1.69194,0.969678,-0.167162,-0.178275,0.144547,0.980498,-0.133154,0.197056,0.103348,0.97493,-0.947297,-0.314525,-0.0608453,0.320357,-0.930054,-0.17992,0,0.18993,-0.981798
0.0218439,0.786365,1.69243,-0.0608453,-0.17992,-0.981798,0.938975,9.35498e-05,0.00216803,0.0218156,0.786282,1.69198,0.948344,0.0562305,0.312221,-0.0447116,0.998033,-0.0439367,-0.314077,0.0277072,0.948993,-0.947297,-0.314525,-0.0608453,0.320357,-0.930054,-0.17992,0,0.18993,-0.981798
0.0218439,0.786365,1.69243,-0.0608453,-0.17992,-0.981798,-0.07555,0.00103718,-0.259122,0.0218116,0.78627,1.69191,0.973927,-0.173828,-0.145775,0.106273,0.917282,-0.383797,0.200432,0.358298,0.911839,-0.947297,-0.314525,-0.0608453,0.320357,-0.930054,-0.17992,0,0.18993,-0.981798
0.0218439,0.786365,1.69243,-0.0608453,-0.17992,-0.981798,0.927307,0.00413754,0.0149121,0.0218162,0.786283,1.69199,0.847184,0.149646,0.509789,0.0418873,0.937715,-0.344871,-0.529646,0.313523,0.788149,-0.947297,-0.314525,-0.0608453,0.320357,-0.930054,-0.17992,0,0.18993,-0.981798
0.0218439,0.786365,1.69243,-0.0608453,-0.17992,-0.981798,-0.0890411,0.0014642,-0.262717,0.0218122,0.786271,1.69192,0.97558,0.0050644,0.219585,0.0547781,0.962534,-0.26557,-0.212703,0.271113,0.938752,-0.947297,-0.314525,-0.0608453,0.320357,-0.930054,-0.17992,0,0.18993,-0.981798
0.270833,0.296129,1.70459,0.805567,-0.294461,-0.514155,-0.0681423,-0.00736975,-0.257451,0.271217,0.295988,1.70435,0.847256,-0.271326,-0.456662,0.216762,0.961469,-0.169093,0.484946,0.044278,0.873423,-0.343316,0.482905,0.805567,-0.93922,-0.176517,-0.294461,0,0.857697,-0.514155
0.270833,0.296129,1.70459,0.805567,-0.294461,-0.514155,0.938975,9.35498e-05,0.00216803,0.27119,0.295998,1.70436,0.948344,0.0562305,0.312221,-0.0447116,0.998033,-0.0439367,-0.314077,0.0277072,0.948993,-0.343316,0.482905,0.805567,-0.93922,-0.176517,-0.294461,0,0.857697,-0.514155
0.270833,0.296129,1.70459,0.805567,-0.294461,-0.514155,-0.0890411,0.0014642,-0.262717,0.271213,0.29599,1.70435,0.97558,0.0050644,0.219585,0.0547781,0.962534,-0.26557,-0.212703,0.271113,0.938752,-0.343316,0.482905,0.805567,-0.93922,-0.176517,-0.294461,0,0.857697,-0.514155
1.12813,0.237413,1.87589,0.264364,-0.408906,-0.873446,0.94399,6.40016e-05,-0.00124293,1.12827,0.23719,1.87542,0.996363,-0.0840907,-0.0137599,0.0839486,0.996414,-0.010603,0.0146021,0.00940934,0.999849,-0.839778,0.47422,0.264364,-0.54293,-0.733501,-0.408906,0,0.486921,-0.873446
1.12813,0.237413,1.87589,0.264364,-0.408906,-0.873446,-0.0787986,-0.00266812,-0.263542,1.12829,0.237167,1.87537,0.969678,-0.167162,-0.178275,0.144547,0.980498,-0.133154,0.197056,0.103348,0.97493,-0.839778,0.47422,0.264364,-0.54293,-0.733501,-0.408906,0,0.486921,-0.873446
1.12813,0.237413,1.87589,0.264364,-0.408906,-0.873446,-0.07555,0.00103718,-0.259122,1.12828,0.237173,1.87538,0.973927,-0.173828,-0.145775,0.106273,0.917282,-0.383797,0.200432,0.358298,0.911839,-0.839778,0.47422,0.264364,-0.54293,-0.733501,-0.408906,0,0.486921,-0.873446
1.12813,0.237413,1.87589,0.264364,-0.408906,-0.873446,0.941506,-2.77556e-17,-0.0130957,1.12826,0.237207,1.87545,0.994195,-0.0679198,0.08344,0.0915075,0.941695,-0.323784,-0.0565837,0.32954,0.942444,-0.839778,0.47422,0.264364,-0.54293,-0.733501,-0.408906,0,0.486921,-0.873446
1.12813,0.237413,1.87589,0.264364,-0.408906,-0.873446,0.945176,0.00340656,-0.00127006,1.12829,0.237162,1.87536,0.926907,-0.240605,-0.288016,0.136215,0.930799,-0.339204,0.349699,0.275178,0.895538,-0.839778,0.47422,0.264364,-0.54293,-0.733501,-0.408906,0,0.486921,-0.873446
3.6388,-0.115941,3.11232,-0.075226,0.608669,-0.78985,-0.0375313,0.000200289,-0.248515,3.63869,-0.115109,3.11124,0.469775,-0.398079,-0.787937,0.111978,0.912218,-0.394106,0.875656,0.0969094,0.473113,0.992449,-0.0968812,-0.075226,0.122658,0.783886,0.608669,0,0.6133,-0.78985
3.6388,-0.115941,3.11232,-0.075226,0.608669,-0.78985,-1.13491,-0.000532772,-0.656319,3.63869,-0.115087,3.11121,0.66608,-0.365069,-0.650433,0.261601,0.930981,-0.254638,0.6985,-0.000544139,0.71561,0.992449,-0.0968812,-0.075226,0.122658,0.783886,0.608669,0,0.6133,-0.78985
0.847092,-0.671475,2.37525,0.331589,0.107347,-0.937297,2.37476,-0.0790186,0.224993,0.847193,-0.671443,2.37497,0.651223,0.25034,0.716407,-0.211703,0.966475,-0.145283,-0.728759,-0.0570541,0.682389,0.307997,0.891732,0.331589,-0.951387,0.288685,0.107347,0,0.348532,-0.937297
0.847092,-0.671475,2.37525,0.331589,0.107347,-0.937297,3.43474,-0.0743202,0.474313,0.847085,-0.671478,2.37527,0.348326,0.361019,0.865063,-0.032618,0.926968,-0.37372,-0.936806,0.10196,0.334663,0.307997,0.891732,0.331589,-0.951387,0.288685,0.107347,0,0.348532,-0.937297
4.50086,-0.213634,3.39849,-0.0928326,-0.59228,-0.800367,-0.0699709,0.000149241,-0.256433,4.50072,-0.214546,3.39726,0.778429,-0.322575,-0.538511,0.110053,0.914709,-0.38884,0.61801,0.24342,0.747536,-0.987938,-0.123935,-0.0928326,0.154847,-0.790713,-0.59228,0,0.599511,-0.800367
4.50086,-0.213634,3.39849,-0.0928326,-0.59228,-0.800367,0.967411,0.0188253,0.0305543,4.50072,-0.214571,3.39723,0.754255,-0.318118,-0.57437,0.143343,0.933468,-0.328771,0.640744,0.165646,0.749673,-0.987938,-0.123935,-0.0928326,0.154847,-0.790713,-0.59228,0,0.599511,-0.800367
4.50086,-0.213634,3.39849,-0.0928326,-0.59228,-0.800367,-0.0635082,-0.00546941,-0.2556,4.50071,-0.214601,3.39719,0.66384,-0.350889,-0.660449,0.223835,0.93584,-0.272217,0.713593,0.0328767,0.699789,-0.987938,-0.123935,-0.0928326,0.154847,-0.790713,-0.59228,0,0.599511,-0.800367
4.50086,-0.213634,3.39849,-0.0928326,-0.59228,-0.800367,-0.0375313,0.000200289,-0.248515,4.50071,-0.214597,3.39719,0.469775,-0.398079,-0.787937,0.111978,0.912218,-0.394106,0.875656,0.0969094,0.473113,-0.987938,-0.123935,-0.0928326,0.154847,-0.790713,-0.59228,0,0.599511,-0.800367
4.50086,-0.213634,3.39849,-0.0928326,-0.59228,-0.800367,-0.050648,-0.00635755,-0.257551,4.50072,-0.214586,3.39721,0.420311,-0.410958,-0.808982,0.103778,0.90748,-0.407076,0.901426,0.087144,0.424072,-0.987938,-0.123935,-0.0928326,0.154847,-0.790713,-0.59228,0,0.599511,-0.800367
4.50086,-0.213634,3.39849,-0.0928326,-0.59228,-0.800367,-0.0681423,-0.00736975,-0.257451,4.50073,-0.214523,3.39729,0.847256,-0.271326,-0.456662,0.216762,0.961469,-0.169093,0.484946,0.044278,0.873423,-0.987938,-0.123935,-0.0928326,0.154847,-0.790713,-0.59228,0,0.599511,-0.800367
4.50086,-0.213634,3.39849,-0.0928326,-0.59228,-0.800367,-1.13491,-0.000532772,-0.656319,4.50071,-0.214606,3.39718,0.66608,-0.365069,-0.650433,0.261601,0.930981,-0.254638,0.6985,-0.000544139,0.71561,-0.987938,-0.123935,-0.0928326,0.154847,-0.790713,-0.59228,0,0.599511,-0.800367
4.50086,-0.213634,3.39849,-0.0928326,-0.59228,-0.800367,-2.06087,0.00582751,-0.906417,4.50071,-0.214594,3.3972,0.336955,-0.430515,-0.837327,0.282506,0.894588,-0.34627,0.898137,-0.119873,0.423059,-0.987938,-0.123935,-0.0928326,0.154847,-0.790713,-0.59228,0,0.599511,-0.800367
0.459516,0.218498,1.70448,0.532969,-0.368464,-0.761695,-0.0699709,0.000149241,-0.256433,0.459767,0.218325,1.70412,0.778429,-0.322575,-0.538511,0.110053,0.914709,-0.38884,0.61801,0.24342,0.747536,-0.568673,0.626542,0.532969,-0.822564,-0.433155,-0.368464,0,0.647936,-0.761695
0.459516,0.218498,1.70448,0.532969,-0.368464,-0.761695,-1.11345,-0.000484205,-0.620124,0.459795,0.218305,1.70408,0.883336,-0.27999,-0.375931,0.21699,0.955147,-0.201519,0.415492,0.0964356,0.90447,-0.568673,0.626542,0.532969,-0.822564,-0.433155,-0.368464,0,0.647936,-0.761695
0.459516,0.218498,1.70448,0.532969,-0.368464,-0.761695,-1.13491,-0.000532772,-0.656319,0.459757,0.218331,1.70414,0.66608,-0.365069,-0.650433,0.261601,0.930981,-0.254638,0.6985,-0.000544139,0.71561,-0.568673,0.626542,0.532969,-0.822564,-0.433155,-0.368464,0,0.647936,-0.761695
0.459516,0.218498,1.70448,0.532969,-0.368464,-0.761695,-2.06087,0.00582751,-0.906417,0.459689,0.218378,1.70423,0.336955,-0.430515,-0.837327,0.282506,0.894588,-0.34627,0.898137,-0.119873,0.423059,-0.568673,0.626542,0.532969,-0.822564,-0.433155,-0.368464,0,0.647936,-0.761695
0.459516,0.218498,1.70448,0.532969,-0.368464,-0.761695,-0.0787986,-0.00266812,-0.263542,0.45979,0.218308,1.70409,0.969678,-0.167162,-0.178275,0.144547,0.980498,-0.133154,0.197056,0.103348,0.97493,-0.568673,0.626542,0.532969,-0.822564,-0.433155,-0.368464,0,0.647936,-0.761695
0.459516,0.218498,1.70448,0.532969,-0.368464,-0.761695,-0.07555,0.00103718,-0.259122,0.459782,0.218314,1.7041,0.973927,-0.173828,-0.145775,0.106273,0.917282,-0.383797,0.200432,0.358298,0.911839,-0.568673,0.626542,0.532969,-0.822564,-0.433155,-0.368464,0,0.647936,-0.761695
0.459516,0.218498,1.70448,0.532969,-0.368464,-0.761695,0.941506,-2.77556e-17,-0.0130957,0.459765,0.218326,1.70413,0.994195,-0.0679198,0.08344,0.0915075,0.941695,-0.323784,-0.0565837,0.32954,0.942444,-0.568673,0.626542,0.532969,-0.822564,-0.433155,-0.368464,0,0.647936,-0.761695
0.459516,0.218498,1.70448,0.532969,-0.368464,-0.761695,-0.0681423,-0.00736975,-0.257451,0.459783,0.218313,1.7041,0.847256,-0.271326,-0.456662,0.216762,0.961469,-0.169093,0.484946,0.044278,0.873423,-0.568673,0.626542,0.532969,-0.822564,-0.433155,-0.368464,0,0.647936,-0.761695
0.459516,0.218498,1.70448,0.532969,-0.368464,-0.761695,0.94399,6.40016e-05,-0.00124293,0.459779,0.218316,1.70411,0.996363,-0.0840907,-0.0137599,0.0839486,0.996414,-0.010603,0.0146021,0.00940934,0.999849,-0.568673,0.626542,0.532969,-0.822564,-0.433155,-0.368464,0,0.647936,-0.761695
0.459516,0.218498,1.70448,0.532969,-0.368464,-0.761695,0.938975,9.35498e-05,0.00216803,0.459742,0.218342,1.70416,0.948344,0.0562305,0.312221,-0.0447116,0.998033,-0.0439367,-0.314077,0.0277072,0.948993,-0.568673,0.626542,0.532969,-0.822564,-0.433155,-0.368464,0,0.647936,-0.761695
0.459516,0.218498,1.70448,0.532969,-0.368464,-0.761695,0.927307,0.00413754,0.0149121,0.459696,0.218373,1.70422,0.847184,0.149646,0.509789,0.0418873,0.937715,-0.344871,-0.529646,0.313523,0.788149,-0.568673,0.626542,0.532969,-0.822564,-0.433155,-0.368464,0,0.647936,-0.761695
0.831947,0.110149,1.93981,0.278434,-0.36328,-0.889102,-0.07555,0.00103718,-0.259122,0.832106,0.109941,1.9393,0.973927,-0.173828,-0.145775,0.106273,0.917282,-0.383797,0.200432,0.358298,0.911839,-0.793691,0.540859,0.278434,-0.608321,-0.705673,-0.36328,0,0.457709,-0.889102
0.831947,0.110149,1.93981,0.278434,-0.36328,-0.889102,0.941506,-2.77556e-17,-0.0130957,0.83209,0.109962,1.93935,0.994195,-0.0679198,0.08344,0.0915075,0.941695,-0.323784,-0.0565837,0.32954,0.942444,-0.793691,0.540859,0.278434,-0.608321,-0.705673,-0.36328,0,0.457709,-0.889102
-0.284774,0.787647,1.59828,0.202552,-0.32951,-0.922169,-0.0787986,-0.00266812,-0.263542,-0.284681,0.787496,1.59785,0.969678,-0.167162,-0.178275,0.144547,0.980498,-0.133154,0.197056,0.103348,0.97493,-0.851916,0.48292,0.202552,-0.523678,-0.785611,-0.32951,0,0.386787,-0.922169
-0.284774,0.787647,1.59828,0.202552,-0.32951,-0.922169,0.938975,9.35498e-05,0.00216803,-0.284679,0.787493,1.59785,0.948344,0.0562305,0.312221,-0.0447116,0.998033,-0.0439367,-0.314077,0.0277072,0.948993,-0.851916,0.48292,0.202552,-0.523678,-0.785611,-0.32951,0,0.386787,-0.922169
-0.284774,0.787647,1.59828,0.202552,-0.32951,-0.922169,0.927307,0.00413754,0.0149121,-0.284677,0.787489,1.59783,0.847184,0.149646,0.509789,0.0418873,0.937715,-0.344871,-0.529646,0.313523,0.788149,-0.851916,0.48292,0.202552,-0.523678,-0.785611,-0.32951,0,0.386787,-0.922169
-0.284774,0.787647,1.59828,0.202552,-0.32951,-0.922169,-0.07555,0.00103718,-0.259122,-0.284675,0.787486,1.59783,0.973927,-0.173828,-0.145775,0.106273,0.917282,-0.383797,0.200432,0.358298,0.911839,-0.851916,0.48292,0.202552,-0.523678,-0.785611,-0.32951,0,0.386787,-0.922169
-0.284774,0.787647,1.59828,0.202552,-0.32951,-0.922169,-0.0862048,-0.0006734,-0.26718,-0.28467,0.787478,1.5978,0.97483,0.00736001,0.222828,0.0537713,0.96219,-0.26702,-0.216368,0.272281,0.937576,-0.851916,0.48292,0.202552,-0.523678,-0.785611,-0.32951,0,0.386787,-0.922169
-0.284774,0.787647,1.59828,0.202552,-0.32951,-0.922169,-1.18478,0.000590428,-0.649761,-0.284672,0.787481,1.59781,0.993237,-0.116101,-1.3145e-07,0.114104,0.976147,-0.184708,0.021445,0.183459,0.982793,-0.851916,0.48292,0.202552,-0.523678,-0.785611,-0.32951,0,0.386787,-0.922169
-0.284774,0.787647,1.59828,0.202552,-0.32951,-0.922169,-0.0890411,0.0014642,-0.262717,-0.28467,0.787478,1.5978,0.97558,0.0050644,0.219585,0.0547781,0.962534,-0.26557,-0.212703,0.271113,0.938752,-0.851916,0.48292,0.202552,-0.523678,-0.785611,-0.32951,0,0.386787,-0.922169
-0.284774,0.787647,1.59828,0.202552,-0.32951,-0.922169,0.915082,0.00648427,0.0262681,-0.284702,0.787531,1.59795,0.548497,0.315269,0.77444,-0.00255502,0.926822,-0.375493,-0.836149,0.203978,0.509164,-0.851916,0.48292,0.202552,-0.523678,-0.785611,-0.32951,0,0.386787,-0.922169
0.297331,-0.124038,1.94214,0.212947,-0.780047,-0.588371,0.94399,6.40016e-05,-0.00124293,0.29745,-0.124475,1.94181,0.996363,-0.0840907,-0.0137599,0.0839486,0.996414,-0.010603,0.0146021,0.00940934,0.999849,-0.964699,0.154951,0.212947,-0.263356,-0.567601,-0.780047,0,0.808591,-0.588371
0.297331,-0.124038,1.94214,0.212947,-0.780047,-0.588371,-0.0787986,-0.00266812,-0.263542,0.297451,-0.124478,1.94181,0.969678,-0.167162,-0.178275,0.144547,0.980498,-0.133154,0.197056,0.103348,0.97493,-0.964699,0.154951,0.212947,-0.263356,-0.567601,-0.780047,0,0.808591,-0.588371
0.297331,-0.124038,1.94214,0.212947,-0.780047,-0.588371,0.941506,-2.77556e-17,-0.0130957,0.297438,-0.12443,1.94184,0.994195,-0.0679198,0.08344,0.0915075,0.941695,-0.323784,-0.0565837,0.32954,0.942444,-0.964699,0.154951,0.212947,-0.263356,-0.567601,-0.780047,0,0.808591,-0.588371
0.297331,-0.124038,1.94214,0.212947,-0.780047,-0.588371,0.927307,0.00413754,0.0149121,0.297413,-0.12434,1.94191,0.847184,0.149646,0.509789,0.0418873,0.937715,-0.344871,-0.529646,0.313523,0.788149,-0.964699,0.154951,0.212947,-0.263356,-0.567601,-0.780047,0,0.808591,-0.588371
-0.448537,0.0497777,1.95713,0.734313,-0.206424,-0.646664,-0.0787986,-0.00266812,-0.263542,-0.448147,0.0496682,1.95678,0.969678,-0.167162,-0.178275,0.144547,0.980498,-0.133154,0.197056,0.103348,0.97493,-0.270622,0.622534,0.734313,-0.962686,-0.175002,-0.206424,0,0.762775,-0.646664
-0.448537,0.0497777,1.95713,0.734313,-0.206424,-0.646664,0.938975,9.35498e-05,0.00216803,-0.448115,0.0496591,1.95675,0.948344,0.0562305,0.312221,-0.0447116,0.998033,-0.0439367,-0.314077,0.0277072,0.948993,-0.270622,0.622534,0.734313,-0.962686,-0.175002,-0.206424,0,0.762775,-0.646664
-0.448537,0.0497777,1.95713,0.734313,-0.206424,-0.646664,-0.07555,0.00103718,-0.259122,-0.448172,0.0496751,1.9568,0.973927,-0.173828,-0.145775,0.106273,0.917282,-0.383797,0.200432,0.358298,0.911839,-0.270622,0.622534,0.734313,-0.962686,-0.175002,-0.206424,0,0.762775,-0.646664
-0.448537,0.0497777,1.95713,0.734313,-0.206424,-0.646664,0.927307,0.00413754,0.0149121,-0.448154,0.0496701,1.95679,0.847184,0.149646,0.509789,0.0418873,0.937715,-0.344871,-0.529646,0.313523,0.788149,-0.270622,0.622534,0.734313,-0.962686,-0.175002,-0.206424,0,0.762775,-0.646664
-0.448537,0.0497777,1.95713,0.734313,-0.206424,-0.646664,-0.0862048,-0.0006734,-0.26718,-0.448123,0.0496613,1.95676,0.97483,0.00736001,0.222828,0.0537713,0.96219,-0.26702,-0.216368,0.272281,0.937576,-0.270622,0.622534,0.734313,-0.962686,-0.175002,-0.206424,0,0.762775,-0.646664
-0.448537,0.0497777,1.95713,0.734313,-0.206424,-0.646664,0.915082,0.00648427,0.0262681,-0.44824,0.0496944,1.95687,0.548497,0.315269,0.77444,-0.00255502,0.926822,-0.375493,-0.836149,0.203978,0.509164,-0.270622,0.622534,0.734313,-0.962686,-0.175002,-0.206424,0,0.762775,-0.646664
-0.433416,0.624168,1.68841,0.183041,-0.716052,-0.673621,-0.0787986,-0.00266812,-0.263542,-0.43333,0.62383,1.68809,0.969678,-0.167162,-0.178275,0.144547,0.980498,-0.133154,0.197056,0.103348,0.97493,-0.968847,0.16683,0.183041,-0.247662,-0.652635,-0.716052,0,0.739077,-0.673621
-0.433416,0.624168,1.68841,0.183041,-0.716052,-0.673621,0.938975,9.35498e-05,0.00216803,-0.433324,0.623806,1.68807,0.948344,0.0562305,0.312221,-0.0447116,0.998033,-0.0439367,-0.314077,0.0277072,0.948993,-0.968847,0.16683,0.183041,-0.247662,-0.652635,-0.716052,0,0.739077,-0.673621
-0.433416,0.624168,1.68841,0.183041,-0.716052,-0.673621,-0.0862048,-0.0006734,-0.26718,-0.433318,0.623785,1.68805,0.97483,0.00736001,0.222828,0.0537713,0.96219,-0.26702,-0.216368,0.272281,0.937576,-0.968847,0.16683,0.183041,-0.247662,-0.652635,-0.716052,0,0.739077,-0.673621
-0.433416,0.624168,1.68841,0.183041,-0.716052,-0.673621,-0.0890411,0.0014642,-0.262717,-0.433318,0.623784,1.68805,0.97558,0.0050644,0.219585,0.0547781,0.962534,-0.26557,-0.212703,0.271113,0.938752,-0.968847,0.16683,0.183041,-0.247662,-0.652635,-0.716052,0,0.739077,-0.673621
-0.433416,0.624168,1.68841,0.183041,-0.716052,-0.673621,0.915082,0.00648427,0.0262681,-0.433344,0.623885,1.68815,0.548497,0.315269,0.77444,-0.00255502,0.926822,-0.375493,-0.836149,0.203978,0.509164,-0.968847,0.16683,0.183041,-0.247662,-0.652635,-0.716052,0,0.739077,-0.673621
-0.433416,0.624168,1.68841,0.183041,-0.716052,-0.673621,-0.0932988,-0.00036775,-0.255494,-0.433321,0.623797,1.68806,0.871074,0.123262,0.475434,0.0297983,0.95295,-0.301659,-0.490248,0.276935,0.826417,-0.968847,0.16683,0.183041,-0.247662,-0.652635,-0.716052,0,0.739077,-0.673621
-0.433416,0.624168,1.68841,0.183041,-0.716052,-0.673621,-0.092484,-5.41766e-05,-0.25601,-0.433321,0.623797,1.68806,0.871342,0.123735,0.474819,0.0289843,0.953013,-0.301539,-0.48982,0.276506,0.826814,-0.968847,0.16683,0.183041,-0.247662,-0.652635,-0.716052,0,0.739077,-0.673621
-0.545554,0.915423,1.45307,-0.322764,-0.427127,-0.844622,0.927307,0.00413754,0.0149121,-0.545715,0.91521,1.45265,0.847184,0.149646,0.509789,0.0418873,0.937715,-0.344871,-0.529646,0.313523,0.788149,-0.797826,-0.509212,-0.322764,0.602888,-0.673861,-0.427127,0,0.535363,-0.844622
-0.545554,0.915423,1.45307,-0.322764,-0.427127,-0.844622,-0.0862048,-0.0006734,-0.26718,-0.545716,0.915209,1.45265,0.97483,0.00736001,0.222828,0.0537713,0.96219,-0.26702,-0.216368,0.272281,0.937576,-0.797826,-0.509212,-0.322764,0.602888,-0.673861,-0.427127,0,0.535363,-0.844622
-0.545554,0.915423,1.45307,-0.322764,-0.427127,-0.844622,-0.0890411,0.0014642,-0.262717,-0.545716,0.915209,1.45264,0.97558,0.0050644,0.219585,0.0547781,0.962534,-0.26557,-0.212703,0.271113,0.938752,-0.797826,-0.509212,-0.322764,0.602888,-0.673861,-0.427127,0,0.535363,-0.844622
-0.545554,0.915423,1.45307,-0.322764,-0.427127,-0.844622,0.915082,0.00648427,0.0262681,-0.545685,0.915251,1.45273,0.548497,0.315269,0.77444,-0.00255502,0.926822,-0.375493,-0.836149,0.203978,0.509164,-0.797826,-0.509212,-0.322764,0.602888,-0.673861,-0.427127,0,0.535363,-0.844622
-0.545554,0.915423,1.45307,-0.322764,-0.427127,-0.844622,-0.0932988,-0.00036775,-0.255494,-0.545716,0.915209,1.45265,0.871074,0.123262,0.475434,0.0297983,0.95295,-0.301659,-0.490248,0.276935,0.826417,-0.797826,-0.509212,-0.322764,0.602888,-0.673861,-0.427127,0,0.535363,-0.844622
-0.545554,0.915423,1.45307,-0.322764,-0.427127,-0.844622,-0.092484,-5.41766e-05,-0.25601,-0.545716,0.915209,1.45265,0.871342,0.123735,0.474819,0.0289843,0.953013,-0.301539,-0.48982,0.276506,0.826814,-0.797826,-0.509212,-0.322764,0.602888,-0.673861,-0.427127,0,0.535363,-0.844622
0.678386,0.280885,1.72213,-0.190573,-0.471771,-0.86088,-2.06087,0.00582751,-0.906417,0.678313,0.280704,1.7218,0.336955,-0.430515,-0.837327,0.282506,0.894588,-0.34627,0.898137,-0.119873,0.423059,-0.927208,-0.322441,-0.190573,0.374548,-0.798214,-0.471771,0,0.508808,-0.86088
0.678386,0.280885,1.72213,-0.190573,-0.471771,-0.86088,-1.11345,-0.000484205,-0.620124,0.678279,0.280621,1.72165,0.883336,-0.27999,-0.375931,0.21699,0.955147,-0.201519,0.415492,0.0964356,0.90447,-0.927208,-0.322441,-0.190573,0.374548,-0.798214,-0.471771,0,0.508808,-0.86088
0.705335,0.233957,1.76792,0.241935,-0.517849,-0.820549,0.94399,6.40016e-05,-0.00124293,0.705459,0.233692,1.7675,0.996363,-0.0840907,-0.0137599,0.0839486,0.996414,-0.010603,0.0146021,0.00940934,0.999849,-0.906001,0.347319,0.241935,-0.423276,-0.743418,-0.517849,0,0.571577,-0.820549
