# Bundle file v0.3
18 4301
3430.49633789 0 0
0.67049934278 -0.484840526271 -0.561571104164
-0.330586469682 -0.872873552346 0.358897547839
-0.664187933516 -0.0549927024465 -0.74554208255
0.101165501368 0.0132658755421 -0.146860769838
3429.63134766 0 0
0.757882817385 -0.416052810798 -0.502509154783
-0.283021195846 -0.903678952504 0.321350007391
-0.587804431858 -0.101324662177 -0.802632940764
-0.542693785522 0.182084360876 0.604428358823
3431.19897461 0 0
0.985391280522 -0.152061310955 -0.0766832612845
-0.142896001126 -0.983213384727 0.113454361254
-0.0926488461036 -0.100839356078 -0.990578857161
-0.77083388302 0.0860432583243 0.208691602722
3420.95166016 0 0
0.991882477895 -0.127166139446 0
-0.125033687243 -0.975254384511 0.182331907232
-0.0231859459192 -0.180852041965 -0.983237192144
-1.87569241258 0.147303296852 0.524543339399
3427.41162109 0 0
0.815649481477 -0.379674925561 -0.436536668338
-0.281264609066 -0.91959773614 0.274283781628
-0.505576292683 -0.100936944293 -0.856857462367
-1.3509947912 0.403303129824 1.37658061675
3429.50170898 0 0
0.939821927565 -0.262483878238 -0.21871851973
-0.203323286728 -0.944130247308 0.259380151329
-0.274581503306 -0.199300748503 -0.94068328313
-2.59542970775 0.35750938711 1.72464439881
3421.3046875 0 0
0.919456870937 -0.300877038121 -0.253127502427
-0.244082683662 -0.941477888579 0.232472932938
-0.308259329081 -0.151964605956 -0.939086033112
-2.94849947704 0.595714665786 2.15008944518
3421.93579102 0 0
0.755388303322 -0.431533087514 -0.493121121541
-0.28062299908 -0.893075554719 0.351662573866
-0.592148443358 -0.127260669864 -0.795716964673
-1.79221439385 0.505880476107 2.55704788836
3433.13916016 0 0
0.694032230167 -0.46156460976 -0.552521255118
-0.315279766598 -0.884800297111 0.343114577958
-0.647239740864 -0.0639337238794 -0.759601007356
-1.82733474185 0.725664243153 3.14533370595
3430.27709961 0 0
0.819177270557 -0.396506759048 -0.41440447385
-0.157251865592 -0.850122041957 0.502557110637
-0.551562171956 -0.346517586121 -0.758752709946
-2.42474152564 -0.00458094831059 2.81314388441
3441.57788086 0 0
0.988543177769 -0.0726321007494 0.132317645643
-0.128929177878 -0.862148525261 0.489977568701
0.0784888821264 -0.501422760091 -0.861634225502
-3.60580579615 -0.0914631468139 0.695654511024
3422.96972656 0 0
0.975172682319 0.0193339672147 0.220598705569
-0.0442215256603 -0.9591145607 0.279542850283
0.216983600503 -0.282357697849 -0.934447731053
-3.10620652759 -0.136698355544 0.25288964929
3421.89331055 0 0
0.881344924807 0.130411780249 0.454118558802
-0.021446761869 -0.949119254426 0.314186896807
0.47198619769 -0.286646238234 -0.833704427502
-3.58199719099 -0.278865393594 -0.706231395495
3439.49194336 0 0
0.931258849909 0.0961813117774 0.351433649686
-0.0420705262037 -0.929694108372 0.365922766711
0.361920817281 -0.355553747275 -0.861739328916
-1.91272106259 -0.0967183377835 -0.279264347538
3426.46972656 0 0
0.608333242403 0.368813300044 0.702785376653
0.0919032592239 -0.91225180365 0.399186985546
0.788342657485 -0.178250539507 -0.588848427399
-2.89772392182 -0.776759781898 -2.10195508675
3415.41357422 0 0
0.678990717774 0.335259486243 0.653125309501
0.102608637356 -0.92424389828 0.367756743172
0.726940855992 -0.182687202011 -0.661953357358
-2.62475520604 -0.660381045767 -1.52443309918
3415.77368164 0 0
0.855208186507 0.210883738994 0.473441380571
0.108554676195 -0.96609970604 0.234237706613
0.506788701518 -0.148927695732 -0.849109024769
-1.82064057944 -0.328764691613 -0.550172027784
3432.87548828 0 0
0.120727412048 0.54341134928 0.830740184224
-0.137004131053 -0.819731572333 0.556120459644
0.983185990808 -0.180953842309 -0.0245144889373
-1.3213235262 -0.135549494095 -3.36093985529
2.77105616684 1.14947829224 3.80746359613
52 49 40
2 1 1109 -683.185791016 -340.946166992 3 1046 714.479248047 -616.313476562
5.44120297374 0.586922990216 4.70341271136
173 156 136
2 0 1578 387.673095703 -286.252929688 1 1058 519.885009766 -201.884277344
0.566848655098 0.79985390058 1.61956028195
48 39 23
2 15 3810 -1353.85192871 -1105.79443359 17 5453 605.875244141 37.6959228516
5.57604129225 0.33124760779 4.95249948367
103 86 69
3 0 5782 407.757568359 -155.873779297 1 5378 542.991699219 -53.099609375 4 3141 545.775634766 -66.5122070312
3.82449861869 1.3561855558 4.05038133143
54 50 41
4 4 6256 -426.402587891 -666.238525391 6 3522 -982.639282227 -762.487060547 11 4692 1735.00756836 -533.302734375 7 3851 -1658.30834961 -394.720336914
2.48707680441 0.366194137716 4.27602722638
16 16 13
3 0 149 -556.941162109 276.353393555 1 103 -762.04699707 414.705566406 2 113 1039.43041992 -113.722167969
2.48707680441 0.366194137716 4.27602722638
16 16 13
3 0 150 -556.941162109 276.353393555 1 104 -762.04699707 414.705566406 2 114 1039.43041992 -113.722167969
2.67305799797 1.09825430812 3.84050342246
30 32 27
5 1 561 -746.754394531 -275.029907227 3 705 621.023925781 -544.301513672 2 704 1226.66210938 -820.791259766 4 434 -1294.05053711 -311.332519531 5 799 -1476.45288086 -278.041870117
1.58215183099 0.960636037244 3.47801348454
32 31 26
3 0 1406 -1129.10864258 -91.3203125 1 1043 -1609.73535156 -17.0609130859 2 1560 372.182373047 -680.534667969
3.06212559361 1.03295760144 3.94988787759
65 58 50
3 0 180 -374.421875 -321.347290039 1 158 -487.579711914 -266.568237305 2 161 1512.58813477 -779.142089844
3.599557318 -0.642050126881 5.13065750055
79 70 61
3 0 209 -30.5242919922 664.813964844 1 212 -77.1292724609 861.535644531 2 237 1673.0168457 529.63659668
3.14530980165 0.283130116507 4.60815324737
29 27 22
5 0 214 -308.333007812 232.431152344 1 157 -409.733764648 358.532714844 2 167 1427.72021484 -87.1452636719 3 132 1004.57128906 262.082763672 4 88 -742.277587891 426.402709961
2.65550540481 1.01186576233 3.85249571304
33 26 20
4 1 1106 -735.14465332 -203.374389648 3 947 615.425537109 -457.288085938 2 1279 1220.75415039 -743.0859375 4 648 -1281.82165527 -224.601928711
3.68537938925 0.00351915291896 4.85546136196
137 124 105
7 0 236 -87.7602539062 293.457397461 1 230 -121.227416992 436.444824219 2 219 1746.25317383 74.0111083984 4 201 -344.953613281 513.095397949 7 113 -1394.99914551 1169.67211914 5 250 -172.351074219 770.785461426 6 6958 -767.012207031 799.670471191
2.12833588487 0.348103513127 4.15435816887
111 95 90
3 0 239 -717.314086914 362.797729492 1 137 -996.709289551 515.690734863 2 201 792.590576172 -72.0341796875
2.12833588487 0.348103513127 4.15435816887
111 95 90
3 0 240 -717.314086914 362.797729492 1 138 -996.709289551 515.690734863 2 202 792.590576172 -72.0341796875
3.88952957097 0.812573384559 4.05021691401
56 49 41
4 0 257 24.3156738281 -311.859619141 1 227 21.9299316406 -239.671508789 3 158 1760.86206055 -369.251464844 4 150 -210.774658203 -271.235473633
5.62594629378 0.349863638283 4.93618519128
180 162 142
2 0 1371 422.024169922 -171.972290039 1 1178 561.261230469 -72.0765380859
4.79879178378 0.864576918075 4.18170939808
143 131 119
2 0 272 291.435791016 -436.623657227 1 245 384.059814453 -372.645996094
3.16634077234 0.937831071542 4.12472166382
74 67 56
8 0 277 -352.422729492 -237.183105469 1 233 -448.983886719 -172.723266602 2 233 1536.36035156 -665.905273438 3 194 1046.50390625 -374.192260742 4 156 -821.866455078 -195.91809082 6 7231 -1662.52954102 -122.943847656 10 141 0.837890625 797.040710449 12 157 1421.76977539 70.3111572266
3.57398942374 0.876936785021 4.31166160156
34 33 28
2 0 290 -207.31640625 -230.183837891 1 186 -248.385009766 -159.847412109
3.23874408352 0.992227478103 4.09289425866
44 38 30
2 0 311 -321.860839844 -288.17980957 1 260 -408.695800781 -232.083496094
3.93138800059 1.17530610741 3.77415651929
43 40 34
4 0 323 29.4848632812 -585.537353516 1 254 35.6540527344 -552.036621094 4 210 -203.042602539 -649.124267578 3 183 1863.796875 -797.254150391
3.86373218103 1.11389520458 4.1122981266
9 9 5
2 0 333 -92.7512207031 -447.58203125 1 345 -97.4719238281 -402.614379883
1.67914645812 0.0231693922704 4.2174429218
42 38 28
3 0 1365 -902.672241211 745.954711914 1 1393 -1284.72949219 956.690612793 2 1547 460.479003906 251.318359375
5.53892460808 0.777428577735 4.52555535921
173 159 150
2 0 1289 425.638427734 -412.909790039 1 704 571.030029297 -343.119995117
6.33771145487 0.284747470583 5.02658569989
85 76 69
2 4 256 846.383544922 -143.773925781 6 6996 1145.15527344 -40.1948242188
3.8925540633 1.09707430632 3.93117826596
55 51 40
3 1 1093 -16.9915771484 -449.735595703 3 838 1762.34106445 -661.270507812 4 1003 -258.895385742 -524.822387695
3.98204137091 1.18829641957 3.71300864604
55 50 44
2 0 407 67.0090332031 -616.830566406 1 258 81.7277832031 -585.315673828
3.25895598608 0.933990036301 4.12878577333
73 65 55
5 0 410 -303.793945312 -252.988037109 1 346 -390.875366211 -186.926025391 3 269 1124.46655273 -379.940185547 4 239 -747.715087891 -210.293701172 10 165 106.681640625 791.723571777
3.9210062736 1.02115989836 3.89542551742
56 51 41
2 0 414 28.7855224609 -465.50769043 1 429 32.3415527344 -417.799072266
5.01549301148 -0.218475455148 5.2216055008
160 141 121
2 0 417 297.334960938 195.667724609 1 290 382.540771484 336.540283203
3.76588926109 -0.0851030055727 4.65640227652
175 156 134
5 0 5807 29.5571289062 287.379882812 1 4855 4.69030761719 443.115356445 2 4335 1901.15209961 117.604492188 3 3322 1567.4375 510.293762207 4 3880 -213.050048828 532.329101562
2.48953056124 0.447602650589 4.24289243847
81 71 62
5 0 451 -571.98449707 223.313110352 1 354 -776.809936523 348.80847168 2 465 1040.62329102 -183.459960938 3 333 486.530029297 155.428344727 4 221 -1303.32495117 440.872070312
4.01916071669 -0.759843998512 5.20186562172
1 1 0
2 0 456 124.720947266 626.200256348 1 270 121.414794922 825.329772949
2.76639345639 1.00951219584 3.90170345045
59 54 44
3 0 465 -502.543701172 -262.80871582 1 348 -668.790161133 -210.274902344 2 401 1295.30688477 -741.238037109
3.71978001926 -0.488781410442 4.91821410004
182 164 143
5 0 471 37.4201660156 535.432434082 1 340 6.66796875 720.373779297 2 327 1815.11181641 415.072753906 3 247 1505.78857422 849.009033203 4 222 -204.238647461 851.342407227
4.35193188763 0.581500495028 4.28808980116
189 161 137
4 5 55 383.741943359 35.1258544922 8 17 -1689.86206055 360.667114258 7 35 -852.218994141 269.348510742 9 13 -988.052612305 1106.04162598
3.25682397066 0.0198946941565 4.84619370324
74 65 53
2 0 510 -258.754638672 381.564575195 1 451 -342.020996094 528.295227051
3.96956747897 -0.2592132615 4.81516154367
165 147 123
4 1 335 93.1389160156 514.340148926 3 168 1705.2421875 636.575744629 4 180 -83.4753417969 616.61114502 5 120 134.74609375 935.75567627
4.54551457728 -0.319249285971 5.13778170316
49 33 16
2 0 533 205.601806641 310.994140625 1 415 252.922607422 466.03527832
8.15337386724 0.842666336758 6.12760018241
74 67 59
3 4 2756 982.408203125 -420.318847656 6 5535 1519.92333984 -421.704345703 7 2440 462.071533203 -179.439086914
3.56068682983 0.0417329666339 4.89605531952
99 87 75
5 1 538 -204.576782227 451.133056641 3 388 1298.30419922 436.184448242 2 559 1642.52954102 63.9567871094 4 387 -446.072265625 525.113525391 6 6957 -898.206420898 798.764770508
10.0359969393 0.0309208810739 6.56623331178
89 80 69
6 0 2645 920.587158203 -285.548950195 7 1603 1014.14697266 -12.7886962891 1 2425 1224.96459961 -187.583496094 8 1394 616.482177734 -88.7807617188 4 1873 1467.86157227 -240.345214844 9 1075 1374.60375977 760.963928223
6.14483440289 -0.248332086772 5.6789079262
49 41 30
7 0 1212 472.390869141 99.3238525391 1 789 622.315673828 226.189575195 4 586 665.384277344 242.67565918 6 6977 912.420410156 441.997680664 5 348 1318.44335938 535.983215332 7 297 95.7985839844 615.218017578 8 254 -393.091064453 639.259399414
1.48775043839 1.20076890808 3.27172559999
36 31 25
5 2 3627 272.233886719 -978.638916016 11 3573 -1111.27294922 -535.858154297 14 3484 838.213134766 -480.469116211 15 3966 1124.56811523 -503.478759766 16 3015 1572.32348633 -703.802734375
5.45537345619 -0.276118100856 5.43135993342
53 43 29
6 0 637 373.19140625 175.629760742 1 509 484.227539062 314.674682617 4 367 474.282958984 351.140014648 6 6972 579.948486328 587.543334961 7 190 -160.764526367 783.94519043 8 163 -701.081787109 852.396911621
5.4024447076 -0.274917312409 5.37236550008
53 43 29
2 0 638 373.19140625 175.629760742 1 510 484.227539062 314.674682617
3.60516854868 -0.419251071974 5.09032872998
12 3 1
4 0 5791 -74.4112548828 552.058654785 1 6697 -119.867675781 727.586364746 2 5969 1660.57373047 379.366210938 3 7615 1349.09594727 794.97277832
3.56025152659 0.0406986192487 4.89554970784
91 79 68
4 0 654 -156.620849609 311.512329102 1 539 -204.576782227 451.133056641 2 560 1642.52954102 63.9567871094 3 387 1298.30419922 436.184448242
5.1942430131 -0.282480792877 5.33938474345
66 53 38
7 0 665 326.854248047 207.250732422 1 485 423.665527344 348.364257812 4 364 391.817626953 394.176757812 5 270 880.9453125 704.573791504 6 6969 435.540771484 648.682495117 7 207 -275.276000977 854.167358398 8 149 -845.397827148 950.927307129
3.90500643395 -0.327808842449 4.83393095162
181 158 134
4 0 678 87.6823730469 401.613769531 1 577 76.6437988281 573.648681641 3 330 1657.79272461 701.377868652 4 432 -109.754638672 680.329650879
3.12575332154 0.985274448323 4.06992202118
55 48 39
8 0 693 -366.53894043 -270.72668457 1 512 -470.221557617 -211.699584961 2 504 1520.47631836 -713.907958984 3 366 1016.40869141 -426.31652832 4 319 -865.902832031 -239.922607422 5 268 -877.837036133 -166.515991211 10 254 -56.1798095703 732.086486816 12 272 1362.31762695 -3.22009277344
4.69984961609 0.31517979386 4.59992926591
183 161 139
2 0 695 263.927978516 -84.0881347656 1 624 336.343994141 26.3720703125
7.57245680572 0.836752338083 5.86774904488
32 25 18
6 4 6022 885.520019531 -403.613647461 6 3208 1350.90625 -400.69152832 7 4308 343.721435547 -154.728637695 5 4291 1736.41479492 -258.910644531 8 3828 -110.12512207 -213.007202148 9 3554 571.385986328 587.222045898
3.85872332545 1.0562372911 4.05043840851
67 60 53
3 1 1076 -63.5955810547 -384.895141602 3 845 1682.5703125 -580.516113281 4 1025 -307.298095703 -448.28125
2.81274070254 0.164080434603 4.55453656002
96 88 77
7 0 712 -413.229003906 364.735717773 1 527 -558.097412109 510.513366699 2 732 1225.45239258 30.1313476562 3 571 758.442382812 394.177368164 5 376 -1019.1918335 835.110656738 6 6954 -1803.34790039 937.534545898 11 388 641.637451172 854.051147461
8.73092606726 0.956579006213 6.23323633115
24 17 11
5 4 5966 1092.62451172 -498.390869141 6 3330 1705.10961914 -524.218994141 7 4951 586.553222656 -269.437133789 8 3781 162.775390625 -344.941772461 9 3949 860.337158203 459.761474609
4.16492409865 -0.312994733825 4.93761704569
175 154 128
2 0 724 141.768798828 354.785888672 1 621 156.706787109 519.955566406
2.08159194035 1.06422533245 3.58458820324
41 37 28
2 2 1095 798.412597656 -804.190673828 13 759 1608.58520508 158.886352539
4.85940280053 0.959483609636 4.09919362094
134 121 108
8 0 736 313.154785156 -509.368774414 1 568 412.560791016 -451.925048828 4 369 335.940429688 -525.502685547 5 228 777.546630859 -445.539916992 6 7138 196.631591797 -554.754150391 7 165 -511.166503906 -251.393920898 8 107 -1266.71191406 -271.635620117 9 114 -544.35949707 493.099182129
4.87159505566 0.962361275728 4.11410569183
134 121 108
5 0 737 313.154785156 -509.368774414 1 569 412.560791016 -451.925048828 4 370 335.940429688 -525.502685547 5 227 777.546630859 -445.539916992 7 164 -511.166503906 -251.393920898
0.945526321528 1.06574479235 3.23967054414
62 49 40
6 2 2735 -269.829345703 -784.312988281 11 2581 -1748.70922852 -355.172363281 3 2098 -1285.09619141 -503.810058594 13 2943 231.761474609 63.7917480469 15 3352 528.529052734 -383.715209961 16 2247 858.709960938 -571.796142578
3.75918129768 -0.604479551221 5.02311744488
151 135 115
2 0 752 51.2370605469 596.011169434 1 483 20.4246826172 787.911621094
2.9993358079 0.0627447733536 4.69906658033
108 96 85
9 0 757 -339.17199707 397.639526367 1 706 -456.867553711 547.830871582 2 877 1325.15283203 94.8193359375 3 708 897.581054688 466.567382812 4 580 -808.267700195 652.793212891 5 550 -802.64831543 886.430358887 6 6703 -1517.51879883 972.651123047 11 473 839.84375 965.826293945 12 442 1289.77539062 1151.4967041
4.57135115647 -0.288928647006 5.05735293388
174 153 129
2 0 777 230.28515625 280.88671875 1 581 281.569335938 435.829345703
2.80487894615 0.0507141741769 4.62916009134
94 85 75
8 0 790 -403.418579102 442.622924805 1 669 -551.100952148 600.0078125 3 570 754.342529297 494.054504395 2 759 1211.54003906 119.627685547 4 521 -948.746582031 720.738952637 6 6945 -1766.0546875 1063.97729492 11 453 643.053222656 973.140808105 12 383 1056.61645508 1132.07324219
-0.538844236183 0.135237172292 2.52375494608
47 33 23
2 15 7103 -1233.16723633 83.1600341797 17 6134 677.669921875 1064.39990234
0.141958821983 0.691645279697 2.37483461412
6 7 2
2 2 6022 -1426.73925781 -536.525878906 13 5805 -1206.0390625 169.913085938
3.70549201831 -0.261683480042 4.79269413444
87 73 59
5 0 840 12.4118652344 409.477539062 1 481 -21.0866699219 578.750610352 2 418 1824.16821289 256.150390625 3 284 1499.3293457 665.541503906 4 323 -241.127685547 687.359863281
3.48548272637 0.579601505677 4.48313690824
93 84 70
3 1 332 -263.570800781 75.3444824219 3 260 1275.46289062 -31.1918945312 2 404 1675.58691406 -355.337646484
3.78277584109 -0.758349788279 5.1192391147
1 1 0
6 0 846 69.0637207031 675.519775391 1 1027 42.0966796875 876.104431152 3 527 1531.9777832 1049.47998047 4 802 -149.406738281 1023.08874512 5 710 33.4921875 1419.04077148 6 6338 -501.781616211 1468.92272949
3.86049459819 1.10569427171 4.13683527722
8 7 3
2 0 858 -99.7215576172 -437.547607422 1 1255 -104.682006836 -389.314208984
1.86880127948 1.22832775876 3.40153584719
26 25 20
5 0 1121 -994.524108887 -391.883300781 1 659 -1393.35705566 -376.566040039 2 977 622.569580078 -1000.74804688 3 736 -198.589477539 -736.984130859 13 690 1329.58154297 -85.5125732422
5.26634292735 0.435128554135 4.78980693326
227 203 187
2 0 995 346.938232422 -183.971069336 1 754 463.042480469 -87.6157226562
3.84478014551 0.87750227011 4.24488395537
94 85 74
3 0 1014 -75.7927246094 -292.354248047 1 1128 -84.6495361328 -221.591918945 3 886 1620.29272461 -368.096191406
1.60561878428 0.0205861659848 4.19201733187
44 38 29
3 0 1015 -943.609130859 770.868652344 1 1059 -1350.90209961 990.315246582 3 1223 -268.518432617 650.332519531
1.60400901371 0.019576035292 4.18158471708
44 38 29
6 0 1016 -943.609130859 770.868652344 1 1060 -1350.90209961 990.315246582 12 1223 -267.943725586 980.295288086 3 1224 -268.518432617 650.332519531 13 1050 1106.9074707 1416.99707031 14 934 1072.78515625 1071.53442383
6.00946189836 0.472787348436 5.07395628535
205 187 167
8 0 1108 455.434326172 -244.416015625 1 911 615.911621094 -154.058227539 4 987 654.840087891 -186.775512695 5 917 1313.36132812 3.67834472656 6 6456 869.827148438 -103.290771484 7 732 25.9552001953 122.147583008 8 653 -503.155639648 113.912109375 9 615 158.064208984 914.106750488
2.01580918497 1.10740313896 3.55944729735
2 2 0
3 0 1081 -888.278442383 -281.078857422 1 1196 -1230.76904297 -240.061401367 2 1868 738.668212891 -843.646240234
3.40808185272 1.2540820102 3.93702155283
52 48 38
3 0 1052 -274.552734375 -504.553100586 1 832 -336.563354492 -476.444946289 2 855 1764.27612305 -1000.6340332
5.90554429799 -0.0400591729185 5.47901193864
104 94 82
4 4 2755 593.99609375 155.327026367 6 5343 789.258544922 331.92578125 7 1974 -10.6971435547 525.464355469 5 2299 1210.92114258 420.286865234
1.58440743156 0.357112716489 0.740188566315
2 3 2
2 0 1145 1126.95874023 -1092.77270508 1 125 496.725585938 -1267.60717773
2.35818698047 1.29990853197 3.61702854597
7 7 5
5 1 1047 -1007.12738037 -447.161499023 3 2399 308.276123047 -781.790039062 2 1271 1001.62597656 -1036.96313477 4 1534 -1710.35205078 -528.813110352 13 1671 1946.31689453 -94.8918457031
1.69843785489 0.512681387303 3.84458471717
59 52 42
5 1 325 -1371.00683594 463.735595703 3 356 -258.251953125 136.533325195 12 415 -285.01159668 426.375488281 13 327 1169.43115234 834.776123047 15 228 1423.50683594 535.029907227
3.85128649293 1.17289585418 4.13199500472
58 55 48
4 0 1224 -120.903930664 -470.771728516 1 990 -126.713134766 -431.104370117 3 619 1618.45751953 -653.514404297 4 794 -372.667358398 -506.711547852
1.48943512419 0.95740612257 3.45508858918
33 30 25
6 0 976 -1196.44372559 -66.7312011719 1 572 -1712.08508301 6.12719726562 2 1113 285.070556641 -673.520507812 13 806 878.697265625 242.720458984 3 828 -577.318481445 -380.617431641 16 559 1548.76586914 -341.916870117
4.45461632949 0.990504531428 3.92837029928
114 103 91
2 0 1249 226.732910156 -515.310424805 1 642 291.533691406 -464.193359375
2.01081424198 1.08187045154 3.5799903243
3 4 0
2 0 1265 -887.686645508 -252.869262695 1 1335 -1229.58886719 -209.050048828
4.71773320643 -0.557701580707 5.20923899268
157 140 119
2 0 1276 293.478271484 390.095092773 1 843 353.291503906 559.46673584
4.59685978648 0.331482345998 4.59895110964
175 152 133
2 0 1283 227.151855469 -74.9357910156 1 1023 290.059570312 34.9855957031
3.60516854868 -0.419251071974 5.09032872998
12 3 1
4 0 5790 -74.4112548828 552.058654785 1 6698 -119.867675781 727.586364746 2 5970 1660.57373047 379.366210938 3 7614 1349.09594727 794.97277832
1.57599189489 0.963268799576 1.8459168322
1 3 0
2 15 4874 -50.5270996094 -1374.00219727 17 6118 1569.3203125 -194.413085938
6.11536086315 0.879782509531 4.65695653022
121 112 96
2 5 5308 1460.91625977 -390.690063477 9 4316 239.078613281 489.153076172
1.9506548213 0.828248101189 3.73329212677
4 3 0
2 0 1327 -877.782592773 -11.5440673828 1 1107 -1224.47741699 77.1544189453
3.8663593046 1.21738189973 4.10533709412
55 53 46
4 0 1330 -118.94128418 -502.809814453 1 1028 -122.71484375 -467.376098633 3 617 1634.88110352 -701.687988281 4 793 -367.689819336 -551.728027344
1.84221352104 1.23272728679 3.3798556814
10 9 4
2 2 5994 600.234619141 -1010.17871094 13 5297 1294.5378418 -97.13671875
3.88669684352 1.20992442783 4.07887353897
8 8 3
2 0 1334 -100.126098633 -508.891967773 1 1721 -101.468505859 -473.371459961
4.9549309274 -0.455093809853 5.32883444001
181 164 145
7 0 1363 301.857666016 319.612182617 1 1249 381.53515625 474.248046875 4 1116 326.767822266 541.229125977 5 766 769.432617188 878.865478516 7 640 -362.637451172 1053.13330078 6 6369 315.942382812 837.907470703 8 410 -954.326293945 1183.65820312
5.44352305632 0.353886250608 4.88951295064
181 163 143
2 0 842 385.395263672 -157.266601562 1 604 512.531005859 -56.1567382812
3.04693993907 1.19332032021 3.89316159366
17 13 7
3 0 1384 -415.057250977 -426.575317383 1 1572 -532.936645508 -393.359375 2 1666 1501.14428711 -926.078125
3.8906372302 0.786582974416 4.05429678176
46 39 29
2 0 1386 30.4833984375 -299.152587891 1 2088 28.3701171875 -223.185791016
5.70366121414 0.97749745385 4.35200728478
132 122 112
2 0 828 479.038818359 -553.440917969 1 693 643.601318359 -497.275268555
2.95871918202 0.929852584609 4.03903664232
73 66 56
6 1 305 -552.088500977 -149.467163086 3 268 876.966796875 -365.990112305 2 330 1409.45776367 -659.158691406 4 230 -985.936889648 -164.953369141 5 239 -1056.70507812 -84.8177490234 11 267 750.221191406 -33.8034667969
3.93258442777 1.30420876175 3.68437749958
40 37 31
2 0 1416 22.5869140625 -679.420166016 1 1303 31.2895507812 -663.412841797
3.94329433308 0.989334965604 3.87185821549
86 78 68
2 0 1432 54.7866210938 -460.241699219 1 1074 61.8251953125 -406.816040039
4.63084743466 0.521873056333 4.46688126728
175 154 135
3 0 1445 231.654052734 -193.497070312 1 1004 301.350341797 -97.5895996094 4 723 196.702880859 -108.994628906
4.05923414519 0.747043974061 4.10732331235
121 106 92
9 0 1448 90.3049316406 -294.204711914 1 1216 106.571044922 -215.819458008 3 629 1902.57397461 -315.21081543 4 900 -92.8442382812 -240.8671875 5 807 125.705078125 -108.551147461 7 442 -1151.57543945 154.062011719 6 6462 -535.088623047 -160.416381836 9 340 -1360.89794922 975.420715332 10 553 1071.67993164 901.887390137
3.65035396162 -0.0461321167792 4.98714214519
10 2 0
5 0 1475 -124.669921875 349.760742188 1 1545 -163.447143555 492.203613281 2 1354 1678.17993164 121.035766602 3 1071 1356.12890625 498.592773438 4 1551 -388.564697266 568.75604248
4.92253760719 1.30932657778 3.86871149179
57 52 48
2 0 1484 320.958984375 -738.725830078 1 1132 435.193359375 -716.667724609
2.9612400994 0.930611623279 4.04519576964
73 66 56
4 1 304 -552.088500977 -149.467163086 3 267 876.966796875 -365.990112305 2 329 1409.45776367 -659.158691406 4 229 -985.936889648 -164.953369141
3.75315512905 1.55293920001 3.90879057092
31 31 24
3 1 505 -216.607299805 -720.142089844 3 331 1551.21240234 -1055.66845703 4 359 -500.369873047 -864.163818359
3.73863862779 0.198555545479 4.67611144064
119 107 92
4 0 1517 -64.6173095703 157.065795898 1 1740 -90.7738037109 284.921020508 4 1941 -316.400268555 343.89453125 3 1415 1487.47924805 277.950317383
1.77773381244 0.0299496778635 4.24754499902
40 35 26
6 0 1527 -847.35559082 709.355651855 1 1189 -1209.08569336 916.464904785 3 1315 -105.863037109 620.484436035 11 1151 -446.128417969 969.196716309 12 1061 -84.2667236328 993.478881836 16 751 1822.48291016 881.759887695
2.05531929289 0.985172090569 3.63542978497
43 39 31
2 0 1542 -837.203735352 -178.470825195 1 1180 -1163.82897949 -115.661865234
5.01885716109 0.3438415983 4.74550658131
193 170 150
3 0 1552 309.525146484 -118.004516602 1 1197 406.741943359 -13.8817138672 4 932 352.179199219 -14.8352050781
8.20474458519 0.36568317664 6.31968216614
63 56 49
5 4 55 1023.84912109 -211.122558594 6 7259 1565.70117188 -154.969360352 7 38 524.93359375 47.4130859375 8 27 100.851074219 -9.74780273438 9 17 798.368164062 817.711730957
5.13765061751 1.22905758177 3.99241424437
73 68 60
2 0 1560 368.935302734 -690.156982422 1 1476 499.0625 -658.725097656
3.92692136489 1.22281447896 3.68863947095
37 34 27
2 0 1575 43.1223144531 -634.036865234 1 1340 51.0102539062 -609.354492188
4.04366501574 1.53298569425 3.3709116753
32 31 29
3 5 4243 77.1733398438 -1253.76220703 9 2877 -1545.55969238 -344.889892578 7 2969 -1352.71020508 -1035.37646484
4.9097864647 0.369084933423 4.67673047054
161 138 118
5 0 1599 292.109375 -124.291015625 1 1487 382.039550781 -20.4482421875 4 1119 314.395019531 -22.1441650391 5 934 754.054443359 186.56640625 7 701 -456.646118164 367.651245117
6.20762730432 -0.496748090165 5.80252239561
129 117 101
2 0 756 499.50390625 191.49987793 1 697 652.632080078 331.724975586
3.66725848679 -0.0416485155681 4.93405035652
38 29 19
5 0 1631 -104.881225586 333.576904297 1 1639 -140.827758789 478.620361328 2 1461 1709.27416992 112.960327148 3 1396 1384.58203125 492.837646484 4 1491 -364.808837891 557.122192383
3.80806893502 -0.497274415504 4.97284121966
174 158 137
5 0 1636 55.5598144531 526.70135498 1 1420 31.5239257812 709.986083984 2 1239 1853.20263672 411.458374023 3 772 1560.0769043 842.829223633 4 970 -165.16796875 833.986816406
3.89655385523 0.709401365215 4.09313251234
137 120 103
4 0 1645 41.8056640625 -250.575073242 1 1366 39.9572753906 -167.854858398 3 758 1767.1574707 -264.887817383 4 871 -186.709350586 -183.704833984
4.86346848352 -0.390699848366 5.18992824171
149 131 110
5 0 1656 301.28515625 289.12878418 1 1448 375.928222656 443.101318359 5 713 735.268554688 846.743530273 7 576 -397.005859375 1026.3729248 8 387 -1005.07391357 1166.39526367
5.33961575161 0.401930221108 4.8062319301
135 117 96
8 0 1674 370.780273438 -176.544921875 1 1752 492.412353516 -78.4028320312 4 1312 471.876464844 -92.8819580078 7 859 -230.776855469 258.851928711 5 988 1003.79638672 110.401367188 6 6440 524.270751953 25.6392822266 8 631 -830.37902832 288.667114258 9 580 -178.095458984 1081.84985352
5.08116146562 -0.44587072911 5.36242173689
166 149 128
7 0 1691 326.144775391 297.4609375 1 1290 413.415527344 449.98449707 4 988 372.71875 510.490966797 5 790 838.260253906 847.866455078 7 589 -299.5 1005.02124023 6 6370 393.09375 798.972106934 8 463 -874.46105957 1122.93701172
2.62114135606 0.0738488708963 4.52318330675
67 59 48
3 0 1694 -468.523071289 460.419677734 1 1631 -645.273803711 622.2734375 2 1892 1106.50488281 115.836547852
2.62481576802 0.074095464632 4.52900031326
67 59 48
8 0 1695 -468.523071289 460.419677734 1 1632 -645.273803711 622.2734375 2 1893 1106.50488281 115.836547852 3 1254 617.842041016 489.633422852 4 1061 -1094.28063965 756.323181152 5 945 -1202.78857422 982.921508789 11 921 455.277587891 943.477294922 12 1051 838.092041016 1072.98205566
3.92133060061 1.06433365681 3.88930302393
57 52 43
2 0 1696 18.1875 -491.099609375 1 1598 22.2801513672 -445.316772461
2.38311014693 0.968773214995 3.77699899597
49 44 35
2 0 1701 -666.523071289 -196.995361328 1 1551 -909.833496094 -135.850952148
4.03033262601 0.910251431544 3.97615384289
99 90 80
2 0 1738 75.9770507812 -404.023681641 1 1599 91.8359375 -341.978515625
2.51542958842 0.589135737087 4.10880869441
40 36 25
2 4 1883 -1308.10498047 279.034057617 10 1208 -728.477905273 1283.78198242
5.14167876114 1.19137854977 4.03060065156
89 81 74
2 0 1753 367.018310547 -663.437011719 1 1419 496.168212891 -628.447021484
5.15170264084 1.1504077611 4.07027198847
99 88 79
2 0 1797 367.302490234 -635.944580078 1 1488 496.004394531 -596.840087891
2.45428436446 1.00875270568 3.78209123851
52 48 40
4 0 1799 -639.60144043 -238.819335938 1 995 -867.619995117 -180.170288086 2 1229 1073.54956055 -739.119628906 4 582 -1491.6887207 -190.53918457
5.11644055519 1.06604225705 4.11231067917
121 113 102
2 0 1807 363.736572266 -583.706298828 1 1413 487.917480469 -537.178955078
4.87249690339 1.13239266682 3.96129127071
104 94 85
2 0 1822 319.489746094 -626.028808594 1 1397 426.065673828 -585.98046875
3.03795526861 1.13494442765 3.93609066104
22 18 13
3 0 1856 -414.432250977 -378.795654297 1 1792 -533.336181641 -336.840576172 2 1510 1484.60009766 -864.210693359
1.37583473031 0.837071082532 1.91225199985
42 36 24
2 15 3766 -284.177490234 -1040.33569336 17 4916 1384.86914062 82.5819091797
2.46583031038 0.066667413424 4.4834893262
55 47 37
8 0 1880 -532.878173828 502.409729004 1 1422 -739.826538086 670.563781738 2 1944 1005.27905273 136.760253906 3 1409 487.145019531 512.625366211 4 1134 -1227.72375488 816.777770996 5 1284 -1392.00891113 1042.64733887 11 1259 289.157226562 946.707641602 12 1141 661.943359375 1056.99731445
5.40546193397 0.794838467451 4.54388550949
182 168 157
8 0 670 379.479492188 -398.970458984 1 531 511.128173828 -328.954467773 4 477 498.068603516 -386.742797852 5 400 1055.17724609 -258.104248047 6 7016 554.625244141 -365.333984375 7 293 -230.417602539 -96.8238525391 8 245 -849.597412109 -110.69519043 9 223 -173.53137207 664.896118164
5.01828843693 0.730466641083 4.37026263154
78 65 53
2 0 1940 333.215332031 -362.013549805 1 1940 440.590087891 -286.305786133
3.15297393762 1.07949509157 3.99657366705
62 57 47
2 0 1945 -359.598510742 -350.325439453 1 1549 -459.072265625 -301.058227539
3.81640579444 1.28320816956 4.09302837526
52 49 41
2 0 1957 -154.276245117 -532.490356445 1 1683 -163.71472168 -504.326904297
1.67545972701 -0.00958541022955 4.25277182097
62 55 47
5 0 598 -904.108154297 776.217651367 1 541 -1285.60461426 991.327331543 2 810 458.782714844 279.564819336 16 428 1696.35668945 897.925598145 15 413 1426.5625 1199.29101562
3.8764191006 1.22377415884 3.98002622685
13 9 5
2 0 1960 -76.5092773438 -542.346923828 1 2781 -78.35546875 -509.883422852
5.32210515123 -0.376126283221 5.37955286702
118 104 87
6 0 1962 371.849609375 229.718383789 1 1492 476.652099609 375.469970703 4 1093 457.16015625 424.449584961 5 926 972.358642578 749.966674805 6 6377 532.676269531 689.87097168 7 765 -187.246582031 882.272460938
5.32210515123 -0.376126283221 5.37955286702
118 104 87
6 0 1963 371.849609375 229.718383789 1 1491 476.652099609 375.469970703 4 1092 457.16015625 424.449584961 5 925 972.358642578 749.966674805 7 764 -187.246582031 882.272460938 6 6378 532.676269531 689.87097168
3.06870282119 1.06912626702 3.94847995944
64 57 47
7 0 2005 -384.993041992 -340.300292969 1 1184 -496.259765625 -294.806518555 2 1199 1516.1652832 -811.803466797 4 731 -916.627563477 -338.085571289 3 866 980.648925781 -531.322265625 5 723 -967.252807617 -284.223510742 11 787 867.030273438 -215.162841797
4.03562707516 0.584700187168 4.18346492098
133 114 96
2 0 2024 99.8835449219 -189.716186523 1 1989 112.775634766 -94.9512939453
5.1320768917 1.10638734031 4.09081549055
108 98 89
2 0 2027 365.464111328 -609.360839844 1 1592 491.829101562 -565.520751953
3.93636345179 1.02109686624 3.88019026695
52 47 36
2 0 2044 39.8513183594 -473.725952148 1 3020 45.9943847656 -422.914306641
5.33348129687 0.53494841975 4.75473053575
173 152 131
7 0 2074 353.708007812 -237.890014648 1 1565 477.215087891 -149.589111328 4 1136 454.743164062 -177.324951172 7 746 -259.807739258 158.598754883 6 6771 500.157958984 -91.234375 8 377 -870.926391602 173.026245117 9 392 -210.281860352 957.930664062
3.83909811524 0.906037198778 4.0679878458
72 65 57
2 0 2115 -28.6575927734 -347.868408203 1 2529 -37.2496337891 -285.453491211
3.75667111893 0.507818843451 4.57420402592
94 82 68
2 1 475 -132.02722168 84.4442138672 3 402 1483.85351562 12.9306640625
3.87734432624 1.06800539219 3.97409089716
56 50 43
3 0 2144 -29.2891845703 -462.295410156 1 2296 -31.0030517578 -417.316162109 4 1475 -275.551757812 -485.127075195
3.86390478274 1.05782838788 4.11387120899
11 8 3
2 0 2150 -76.9818115234 -417.144287109 1 2746 -82.3668212891 -369.604492188
3.02712981535 0.0950603501294 4.67484823893
84 74 62
7 0 2171 -329.486328125 370.763793945 1 1561 -443.298217773 516.060546875 2 1703 1347.33056641 66.3630371094 3 1390 922.280029297 435.679077148 4 1172 -791.583007812 616.879272461 6 6358 -1499.53100586 928.954162598 11 1017 869.123291016 933.498596191
3.85083924597 1.06456956138 4.12863865809
54 51 43
3 0 5746 -88.8852539062 -415.223510742 1 6131 -95.9227294922 -366.961914062 3 4318 1639.75097656 -562.009765625
4.05104652138 0.631050664382 4.16086777638
125 107 89
2 0 2290 100.515869141 -219.842285156 1 2134 115.202392578 -131.205810547
5.24988582938 -0.209485750295 5.33966225849
76 63 46
2 0 2329 327.000732422 170.288208008 1 1925 427.540771484 306.059082031
2.41448150741 0.57375759962 4.0795320604
30 23 14
4 0 2337 -605.366699219 126.498291016 1 2356 -830.415893555 241.084960938 2 2388 1011.44946289 -301.690673828 3 2958 418.876220703 28.7581787109
3.84348778581 0.918078665926 4.20227771097
11 6 1
2 0 2364 -73.9486083984 -321.109130859 1 3177 -82.705078125 -257.967041016
3.73486827873 1.36603206819 4.04917368462
40 37 30
4 1 297 -215.337768555 -558.639892578 3 179 1510.83666992 -834.755126953 2 229 1946.90161133 -1083.71850586 4 177 -492.961914062 -661.361083984
5.26919559265 -0.546715990784 5.39830364845
137 125 107
2 0 2471 390.059082031 308.421508789 1 2394 490.026611328 466.681640625
4.74104110019 0.473856380241 4.52002494598
187 165 145
3 0 2479 262.956787109 -176.600219727 1 1685 340.600830078 -79.4313964844 4 1041 251.839111328 -87.9024658203
3.71701771497 1.18188123737 4.15922435843
30 27 19
3 0 2484 -187.726196289 -449.135009766 1 2800 -209.155761719 -410.467163086 4 2546 -478.745361328 -481.202758789
3.63781198214 -0.553523842509 4.89269695055
97 84 68
7 0 2508 32.5395507812 585.684692383 1 2407 -9.00183105469 779.580078125 2 1781 1779.85229492 471.009033203 3 1551 1463.73730469 911.391906738 4 1828 -229.518920898 919.775085449 5 1475 -93.1643066406 1291.8762207 6 5878 -672.539306641 1355.54772949
3.40090999348 1.08148017306 4.06334948131
60 53 43
2 0 2512 -265.445068359 -372.923095703 1 2037 -329.20715332 -325.583129883
1.22650708054 0.970509544618 1.71931569727
7 5 0
2 0 2565 -770.958496094 -936.387451172 1 1681 -1935.14929199 -1075.24584961
3.66284028667 -0.135458911628 5.03106563261
129 117 103
3 0 2624 -109.512084961 395.428955078 1 2587 -147.513916016 546.718994141 2 1816 1681.57226562 178.896850586
3.73051343319 0.214180953896 4.7011469371
92 81 66
4 0 2636 -80.7364501953 155.084228516 1 3510 -106.669067383 281.205688477 2 4054 1812.44238281 -87.1247558594 4 3289 -332.80871582 336.465820312
1.16651052945 0.12859832525 4.01095871727
9 6 3
2 0 2661 -1266.63452148 846.21875 1 2889 -1823.71679688 1080.57043457
4.69168919734 0.499151579107 4.49332612218
152 129 109
3 0 2666 248.892822266 -187.228759766 1 2360 323.070556641 -89.8465576172 4 1635 227.571289062 -99.8651123047
4.73027989299 0.697107982943 4.36557814286
111 94 78
2 0 2675 252.083740234 -308.831176758 1 2792 333.324951172 -229.094360352
5.88883459133 -0.258341930047 5.591832691
39 30 21
7 0 595 433.063232422 125.410400391 1 470 571.817871094 256.452514648 4 366 598.091064453 279.157714844 5 293 1208.31298828 579.483154297 6 6973 794.201660156 494.260437012 7 237 6.44702148438 673.325012207 8 192 -499.131225586 713.600097656
8.48633559066 0.843753299683 6.13580934957
66 59 51
2 4 5967 1073.77246094 -448.585449219 8 5180 137.397705078 -288.169799805
5.3310366323 0.326259775517 4.87266013184
120 103 85
2 0 2705 365.305664062 -133.6484375 1 2671 484.451171875 -29.3020019531
3.57134788936 -0.340699171927 5.18774057206
11 5 2
3 0 2744 -136.290039062 534.821411133 1 3245 -184.166870117 700.157226562 2 2693 1591.98486328 331.55078125
3.88067121732 0.854375978216 4.00607921433
88 79 71
5 0 2745 24.5500488281 -344.093994141 1 2418 20.5660400391 -276.222900391 3 1322 1765.02880859 -416.960327148 4 1786 -217.28112793 -313.513793945 11 1118 1893.90429688 -9.78869628906
3.84211901932 0.818995555452 4.27741389559
100 93 81
2 0 2784 -70.5852050781 -252.969482422 1 3897 -80.2115478516 -179.342529297
3.7111425487 1.15559668631 4.18214567993
34 31 23
4 0 2785 -189.1875 -426.286010742 1 2812 -212.064819336 -386.388549805 3 2284 1475.29980469 -606.642333984 11 2332 1585.33837891 -261.356933594
0.167164832667 0.521399981931 2.51765742684
27 24 19
2 2 6957 -1288.73095703 -242.576049805 13 8785 -1103.84033203 447.593017578
1.05159462643 0.142704017472 3.95547000817
8 5 2
2 0 2834 -1355.22485352 879.532470703 1 2009 -1963.38427734 1122.38928223
3.62167726603 -0.550578471319 5.19631899879
75 68 59
3 0 2836 -66.1176757812 622.846862793 1 3423 -109.664794922 807.892822266 2 2718 1649.89453125 465.773193359
1.63035133997 1.10958381054 3.4929714118
4 6 4
2 0 2845 -1157.171875 -212.934570312 1 1747 -1616.83984375 -169.64440918
5.32181374269 0.557919349294 4.70869336758
169 150 130
5 0 2859 358.92578125 -258.361328125 1 2116 481.741210938 -170.236206055 4 1210 458.065917969 -200.595092773 5 686 990.168457031 -22.7772216797 7 638 -259.547973633 131.193725586
4.72620358616 0.665529089061 4.38669240781
123 105 88
2 0 2881 252.079589844 -289.03515625 1 2773 332.274658203 -207.129150391
3.60951841503 -0.309250781304 5.17027049362
10 5 1
3 0 2887 -125.020019531 508.901428223 1 3291 -168.623779297 672.502929688 2 2496 1618.5300293 305.399414062
5.46709064969 0.74655646577 4.52606392308
59 50 41
6 4 5663 545.713867188 -372.497924805 6 4524 622.156982422 -342.360839844 7 3075 -168.418701172 -80.1363525391 5 2999 1118.28881836 -234.964477539 8 2284 -778.463134766 -93.8333740234 9 2562 -104.499389648 683.809570312
3.63085882375 -0.49595236805 4.95699853131
141 128 112
6 0 2891 -6.08032226562 565.877502441 1 2764 -47.8740234375 752.657165527 2 2192 1740.84399414 429.602294922 3 1834 1425.95239258 860.54901123 4 2148 -268.766723633 883.918884277 5 1659 -124.851928711 1236.61608887
3.63085882375 -0.49595236805 4.95699853131
141 128 112
6 0 2892 -6.08032226562 565.877502441 1 2763 -47.8740234375 752.657165527 2 2193 1740.84399414 429.602294922 3 1835 1425.95239258 860.54901123 4 2149 -268.766723633 883.918884277 5 1660 -124.851928711 1236.61608887
