# Camera parameter file. 

# The format of each camera is as follows:
# Filename (of the undistorted image in visualize folder)
# Original filename
# Focal Length (of the undistorted image)
# 2-vec Principal Point (image center)
# 3-vec Translation T (as in P = K[R T])
# 3-vec Camera Position C (as in P = K[R -RC])
# 3-vec Axis Angle format of R
# 4-vec Quaternion format of R
# 3x3 Matrix format of R
# [Normalized radial distortion] = [radial distortion] * [focal length]^2
# 3-vec Lat/Lng/Alt from EXIF

# The nubmer of cameras in this reconstruction
18

00000000.jpg
/Users/markopanjek/Desktop/untitled folder/IMG_1490.jpg
3430.49633789
2016 1512
0.101165501368 -0.0132658755421 0.146860769838
-0.160988652543 0.0525521969126 -0.0574401334497
0.235590773934 -0.697715203836 0.464149800414
0.906768296986 0.114111358894 -0.337947147511 0.224816802336
0.67049934278 -0.484840526271 -0.561571104164
0.330586469682 0.872873552346 -0.358897547839
0.664187933516 0.0549927024465 0.74554208255
-0.0562740768084
0 0 0

00000001.jpg
/Users/markopanjek/Desktop/untitled folder/IMG_1491.jpg
3429.63134766
2016 1512
-0.542693785522 -0.182084360876 -0.604428358823
0.818116651794 2.77555756156e-17 0.15391315114
0.232496048355 -0.599736910235 0.38453201896
0.930617363723 0.113546846976 -0.292900613384 0.18779845345
0.757882817385 -0.416052810798 -0.502509154783
0.283021195846 0.903678952504 -0.321350007391
0.587804431858 0.101324662177 0.802632940764
-0.0505937977592
0 0 0

00000002.jpg
/Users/markopanjek/Desktop/untitled folder/IMG_1492.jpg
3431.19897461
2016 1512
-0.77083388302 -0.0860432583243 -0.208691602722
0.791203901637 -0.0115708260483 0.137853001671
0.107881754246 -0.0852467586198 0.148490178112
0.994884857962 0.053848873972 -0.0425506796171 0.0741184544423
0.985391280522 -0.152061310955 -0.0766832612845
0.142896001126 0.983213384727 -0.113454361254
0.0926488461036 0.100839356078 0.990578857161
-0.0417252590031
0 0 0

00000003.jpg
/Users/markopanjek/Desktop/untitled folder/IMG_1494.jpg
3420.95166016
2016 1512
-1.87569241258 -0.147303296852 -0.524543339399
1.8910429959 -2.77555756156e-17 0.488892937133
0.183108987556 -0.0116898202472 0.127153347577
0.993777396421 0.0913645124415 -0.00583278156725 0.0634447481893
0.991882477895 -0.127166139446 0
0.125033687243 0.975254384511 -0.182331907232
0.0231859459192 0.180852041965 0.983237192144
-0.0444803395599
0 0 0

00000004.jpg
/Users/markopanjek/Desktop/untitled folder/IMG_1493.jpg
3427.41162109
2016 1512
-1.3509947912 -0.403303129824 -1.37658061675
1.91133743957 -0.00311422590578 0.47915561043
0.201505104123 -0.505943721101 0.354944917868
0.947642427288 0.0989879502848 -0.248541257201 0.174364168276
0.815649481477 -0.379674925561 -0.436536668338
0.281264609066 0.91959773614 -0.274283781628
0.505576292683 0.100936944293 0.856857462367
-0.0481616461215
0 0 0

00000005.jpg
/Users/markopanjek/Desktop/untitled folder/IMG_1498.jpg
3429.50170898
2016 1512
-2.59542970775 -0.35750938711 -1.72464439881
2.98548559175 -5.55111512313e-17 0.961944676971
0.23628776818 -0.254121681389 0.239958837292
0.977833761179 0.117269652073 -0.126120625668 0.119091604181
0.939821927565 -0.262483878238 -0.21871851973
0.203323286728 0.944130247308 -0.259380151329
0.274581503306 0.199300748503 0.94068328313
-0.050937181694
0 0 0

00000006.jpg
/Users/markopanjek/Desktop/untitled folder/IMG_1502.jpg
3421.3046875
2016 1512
-2.94849947704 -0.595714665786 -2.15008944518
3.5192034314 0.000455699268147 1.13428681591
0.198893125773 -0.290439851445 0.28194109971
0.974682101076 0.0986058783859 -0.143992290124 0.13977883691
0.919456870937 -0.300877038121 -0.253127502427
0.244082683662 0.941477888579 -0.232472932938
0.308259329081 0.151964605956 0.939086033112
-0.0503672807081
0 0 0

00000007.jpg
/Users/markopanjek/Desktop/untitled folder/IMG_1497.jpg
3421.93579102
2016 1512
-1.79221439385 -0.505880476107 -2.55704788836
3.00992977517 0.00380190441357 0.973007814148
0.264445688994 -0.599250217213 0.393229206258
0.927925215563 0.129030668554 -0.29239144133 0.191867856011
0.755388303322 -0.431533087514 -0.493121121541
0.28062299908 0.893075554719 -0.351662573866
0.592148443358 0.127260669864 0.795716964673
-0.0482566618851
0 0 0

00000008.jpg
/Users/markopanjek/Desktop/untitled folder/IMG_1501.jpg
3433.13916016
2016 1512
-1.82733474185 -0.725664243153 -3.14533370595
3.53279743615 -0.000270523269923 1.13057262444
0.229427954163 -0.676231075157 0.437859131622
0.913569036066 0.111389584631 -0.328317004139 0.212585022502
0.694032230167 -0.46156460976 -0.552521255118
0.315279766598 0.884800297111 -0.343114577958
0.647239740864 0.0639337238794 0.759601007356
-0.0413963068747
0 0 0

00000009.jpg
/Users/markopanjek/Desktop/untitled folder/IMG_1503.jpg
3430.27709961
2016 1512
-2.42474152564 0.00458094831059 -2.81314388441
3.5371945989 0.00948274333105 1.13195669712
0.470285717719 -0.535029861389 0.306715973548
0.925749969276 0.229293741544 -0.260860566531 0.149543246832
0.819177270557 -0.396506759048 -0.41440447385
0.157251865592 0.850122041957 -0.502557110637
0.551562171956 0.346517586121 0.758752709946
-0.0501761507299
0 0 0

00000010.jpg
/Users/markopanjek/Desktop/untitled folder/IMG_1504.jpg
3441.57788086
2016 1512
-3.60580579615 0.0914631468139 -0.695654511024
3.49809766126 0.00806591106694 1.12132483372
0.520924316092 0.110766804405 0.105908953397
0.963369857393 0.257274067998 0.0547055022928 0.0523063071468
0.988543177769 -0.0726321007494 0.132317645643
0.128929177878 0.862148525261 -0.489977568701
-0.0784888821264 0.501422760091 0.861634225502
-0.0397242613783
0 0 0

00000011.jpg
/Users/markopanjek/Desktop/untitled folder/IMG_1499.jpg
3422.96972656
2016 1512
-3.10620652759 0.136698355544 -0.25288964929
2.96817206973 0.000349895773761 0.959749257582
0.287262804107 0.22370706113 0.0127233722235
0.983455003301 0.142838397854 0.111235975363 0.00632656256819
0.975172682319 0.0193339672147 0.220598705569
0.0442215256603 0.9591145607 -0.279542850283
-0.216983600503 0.282357697849 0.934447731053
-0.0408641387802
0 0 0

00000012.jpg
/Users/markopanjek/Desktop/untitled folder/IMG_1505.jpg
3421.89331055
2016 1512
-3.58199719099 0.278865393594 0.706231395495
3.48432662596 1.89603840643e-05 1.12547950368
0.318448689484 0.490846507674 -0.057752752435
0.957100909875 0.156940905824 0.241903634961 -0.0284622596363
0.881344924807 0.130411780249 0.454118558802
0.021446761869 0.949119254426 -0.314186896807
-0.47198619769 0.286646238234 0.833704427502
-0.0405691677754
0 0 0

00000013.jpg
/Users/markopanjek/Desktop/untitled folder/IMG_1496.jpg
3439.49194336
2016 1512
-1.91272106259 0.0967183377835 0.279264347538
1.87824178508 -0.00524403385592 0.466933534022
0.378394089556 0.374134304895 -0.0283795813798
0.964713984453 0.18696642881 0.184861647717 -0.014022494347
0.931258849909 0.0961813117774 0.351433649686
0.0420705262037 0.929694108372 -0.365922766711
-0.361920817281 0.355553747275 0.861739328916
-0.03866321085
0 0 0

00000014.jpg
/Users/markopanjek/Desktop/untitled folder/IMG_1506.jpg
3426.46972656
2016 1512
-2.89772392182 0.776759781898 2.10195508675
3.49123053754 -0.0145560314247 1.108817589
0.341023866632 0.880632494051 -0.272090634305
0.881679288836 0.163732303901 0.422809079509 -0.130636095546
0.608333242403 0.368813300044 0.702785376653
-0.0919032592239 0.91225180365 -0.399186985546
-0.788342657485 0.178250539507 0.588848427399
-0.0527795579276
0 0 0

00000015.jpg
/Users/markopanjek/Desktop/untitled folder/IMG_1500.jpg
3415.41357422
2016 1512
-2.62475520604 0.660381045767 1.52443309918
2.95811801713 -0.00887307330498 0.948049789717
0.314814536661 0.789299063516 -0.25042922473
0.90349155688 0.152310207271 0.381870244106 -0.121159993213
0.678990717774 0.335259486243 0.653125309501
-0.102608637356 0.92424389828 -0.367756743172
-0.726940855992 0.182687202011 0.661953357358
-0.0409523320756
0 0 0

00000016.jpg
/Users/markopanjek/Desktop/untitled folder/IMG_1495.jpg
3415.77368164
2016 1512
-1.82064057944 0.328764691613 0.550172027784
1.87153688725 -0.0156117848195 0.471820151007
0.202852997328 0.518947193578 -0.169115059936
0.957916608755 0.0999996760791 0.255823438369 -0.083368012484
0.855208186507 0.210883738994 0.473441380571
-0.108554676195 0.96609970604 -0.234237706613
-0.506788701518 0.148927695732 0.849109024769
-0.0374060406917
0 0 0

00000017.jpg
/Users/markopanjek/Desktop/untitled folder/IMG_1507.jpg
3432.87548828
2016 1512
-1.3213235262 0.135549494095 3.36093985529
3.44537833245 -0.00126704273659 1.09066644326
0.585441209709 1.44075994973 -0.32279993054
0.700887557551 0.262907471396 0.647010406837 -0.144961632522
0.120727412048 0.54341134928 0.830740184224
0.137004131053 0.819731572333 -0.556120459644
-0.983185990808 0.180953842309 0.0245144889373
-0.013202976739
0 0 0

